mmmmmm
111, 111, 111, 11, 881, 1080,
1088, 1111, 1111, 1111, 1111,
1111, 1111, 1111, 1111, 1111,
1111, 1111, 1111, 1111, 111,

· 1818, 1818, 1888, 1808, 1880,
1111, 1111, 1111, 1111, 1111,
1111, 1111, 1111, 1111.

Koplan (1. auch capellanus) Ι, 264,
300, 341, 391, 428, 463, 627,
636, 641, 660, 661, 601, 769,
820, 814, 863, Π, 916, 966, 991,
1111, 1111, 1111, 1111, 1111,
1300, 1324, 1349, 1124, 1169,
1614, 1677, 1666, 1671, 1679,
1698, 1722, ΙΙΙ, 1741, 1896,
1896, 1916, 1998, 1967, 1979,
2032, 2033, 2048, 2117, 2161,
2106, 2179, 2217, 2269,

Karner Ι, 611, 684, 632, 671, 719,
111111,

14311 (111111) Ι, 168, 224, 238, 276,
306, 307, 364, 378, 380, 406,
468, 483, 489, 610, 669, 607,
642, 647, 708, 710, 736, 773,
898, 11, 979, 1086, 1146, 1174,
1344, ΠΙ, 1801, 1860, 2169.

-,1316111111161111 -Ι, 666.

-, 61106 11161111ιαί111 Ι, 336, 337, 647.

-, 1111111111 Ι, 400.

Kasel (casula) ΠΙ, 2031,

14111111 Ι, 241, 600, 613, 662, 776,
791, Π, 1092, 1126, 1133, 1186,
1339, 1409, 1430, 1146, 1602,
1626, 1686, 1687, ΠΙ, 1760,
1967, 2062, 2066, 2269.

Κα11111 (= M'o'bel) ΙΙ, 1178.

14116111 Π, 906, 966, 1198, 1868,
1446, 1723, ΙΠ, 2034, 2202.

Kamedralcapiul ΙΠ, 2213.

Koeuf Ι, 76, 163, 230, 317, 383, 390,
392, 402, 406, 416, 616, 626,
627, 622, 646, 666, 689, 690,
697, 699, 703, 713, 716, 717,
826, 877, 899, ΙΙ, 943, 946, 1061,
1086, 1296, 1362, 1410, 1649,
1668, 1708, ΠΙ, 1786, 1796,
1797, 1831, 1846, 1864, 1868,

796

1869, 1866, 1908, 1910, 1911,
1931, 2022, 2043, 2049, 2069,
2068, 2070, 2083, 2092, 2133,
2161, 2169, 2176, 2198.

Kaufbrief Ι, 666, 11, 1061, 1066,
1139, 1434, ΠΙ, 1921.

Kaufa'gon 1, 674, 603, 666, 666.

1111111111 Ι, 249, 267, 282, 324, 929,
371, 390, 404, 123, 427, 429,
436, 446, 448, 466, 466, 466,
476, 483, 484, 497, 498, 499,
610, 611, 616, 618, 626, 642,
643, 669, 676, 684, 603, 627,
644, 647, 660, 008, 880, 088,
690, 694, 697, 699, 703, 706,
716, 770, 777, 784, 802, 836,
836, 841, 862, 864, ΠΙ, 910,
923, 924, 931, 942, 943, 941,
968, 970, 383, 988, 992, 1004
1936, 1061, 1071, 1083, 1090,
1139, 1143, 1161, 1162, 1172,
1208, 1236, 1239, 1260, 1313,
1318, 1322, 1394, 1337, 1362,
1378, 1398, 1417, 1434, 1179,
1483, 1612, 1618, 1662, 1664,
1691, ΠΙ, 1732, 1760, 1760,
1793, 1811, 1812, 1832, 1906,
1921, 1927, 1990, 2069, 2093,
2163, 2216.

Kiiufer Ι, 228, 277, 307, 340, 388,
390, 403, 446, 461, 466, 473,
196, 679, 600, 610, 622, 631,
716, 763, 776, 778, 870, 11,
924, 947, 982, 1017, 1048, 1139,
1262, 1621, 1387, 1660, ΙΠ,
1862,1989, 2107.

Kausqut Ι, 380, 439, 489, 648, ΙΙ,
1998, 1464, 1471, 1617, ΙΠ,
1821, 1864, 1869, 1860, 1861,
1866, 2006, 2909, 2060, 2067,
2080, 2119, 2116, 2226,

Kaqfhafer 11, 1469.

Kaufobjed Ι, 679.

Kausroeht Ι, 293, 466, 697, 862, 896,
Π, 1208, 1291.

Kaqsscht'lln'nq 1, 606, 706, ΙΙ, 1036,
1127, 1139, 1262, 1478, 1666,
ΠΙ, 1906,1964.

 

