902, 1066,1061, 1190,1459, 1721,
ΠΙ, 1769, 1832, 1854, 2069, 2104,
2138, 2260.

Krautqartacker (krautgartakher) 111,
2009.

Κνα1115511551 11, 1330, 1688, ΠΙ, 1988,
2062.

Kreuz Ι, 584, 641, 674, 713, 767,
760, 856, ΙΙ, 915, 1171, 1198,
1332, 1367, ΠΙ, 1744, 2031, 2082,
2104, 2217.

1155559511, ΠΙ, 1812.

Κνεαειιιρςοὶἅεν Ι, 187, 190.

1615906555, chriegig) Ι, 205, 209,
267, 334, 356, 363, 367, 393, 428,
445, 516, 526, 536, 673, 675, 589,
596, 647, 656, 674, 689, 694, 697,
729, 734, 757, 768, 783, 790, 825,
836, 899, ΙΙ, 910, 1036, 1061,
1071, 1112, 1139, 1161, 1178,
1469, 1521, 1640, 1670, 1611,
1619, 1629, 1671, 1684, 1693,
ΙΠ,1760, 1870, 1872, 1915, 1920,
1922, 1957, 1959, 1963, 1964,
1983, 2038, 2065, 2093.

Krieq filkren (chriegen) Ι, 203, 428,
ΙΙ, 1469, ΙΠ, 1312.

1515311511 (chrieghaft) Ι, 698.

1111595αή55 11, 1486,1699, 1602, 1611,
lffimm

Krieqslziufce (kriegslewffe) 11, 1640,
ωωωωωωω,
1812, 1898, 1323, 1973, 2100,
2mffl

1559551111,1555.

Κήεςεεοῆαᾶωι ΠΙ, 2054, 2164, 2201.

mmmmm

kriegszwileuf Π, 1653, 1663, 1667.

15511551155151) Π, 1243, 1263, 1366,
mmm.

Kiichenmeiater Ι, 783, Π, 16901674,
1630, 1699, ΠΙ, 2086, 2219,

Kuse (kflffel) ΙΙ, 970.

1111951 11, 1588.

Kuk 11, 923, 974, 979, 1330, 1630,
1688, ΙΠ, 1781, 2123.

1111111155 (5111151155) Ι, 831, 899.

1505111955 ΙΙΙ, 1997.

Μ

Kin'ndn'qunq ΙΙ, 925, 977, 1011, ΙΙΙ,
1836,1878.

ΚὶὶνιᾶἰρωιφῄὺΙ ΙΙ, 925, 949, 983.

1155415550 (1155155550) Ι, 641, Π,
1296, 14251465, ΙΠ, 2117, 2196.

115518, 511555, (146519) Ι, 267, 270,
566, 693, 11, 1053, 1064, 1228,
1234, 1284, 1326, 1341, 1352,
1410, 1469, 1475, 1521, 1640,
1684, 1703, ΠΙ, 1884,1885,1887,
1899, 1901, 1915, 1917, 1926,
1973, 1975, 1976, 1977, 1984,
2064, 2100, 2137, 2142, 2146,
2148, 2162, 2209, 2221, 2246,
2266, 2271, 2272, 2273, 2274.

kunigin (chunigin) Ι, 267, 350.

kutting II, 1161.

Π

labor Ι, 56, 195, 268, 665, 673.

15555 Ι, 158, ΙΙΙ, 2168.

ladon, 982, 1704.

ladung 1, 744, 11, 1064, 1296, 1341,
1352, 1488, 1492, 1493, 1496,

1496, 1497,1499, ΠΙ, 1739, 2146,
2276.

155515 (15515) Ι, 83.

151551Π, 1247, 1263.

Laio (laicus) Ι, 12, 16, 23, 34, 64,

55555551
mmmmmmm
8wwfflmmwm
wmmmwa
mwfflmmmm
mmmm

Laimbmaer (1. conversus 51ιά laicus)
Lm

mmmmmmmmst
mffifflQOfflm‚
mmmmmffist
mmfflmwfflffl
1304, 1329, 1555, 1511, 1355,
1mmwfflfflwm
mmmwmwffl
1mmmeww
mmmmmwQ
55,55555

Lamm 1, 831.

 

