638

8611ωοί9, Psam:

Helmwich 1, 12681136, 12691
mffiwwmmamwm
12601141, 12311142, 12611143,
12611144, 12611145 Ζ., 12631146
Ζ., 12641148, 12641149,12661160,
12681161, 12701164,12761166Ζ.,
12761167, 12761168 8., 12771160
8., 13001221.

Hermann Ι, 1281 1 164, 12831166,
12861170, ΙΠ, 128012227.

Heinrich IV. v. Meidling I, 12861
171, 12861172, 12861173, 12861
174, 12881178, 12881179 8., 12891
182, 12891183, 12891184, 12891
1868, 12911187 Ζ., 12911188,
12911189, 12911190, 12931191,
12931192, 129312018, 12971206,
12971206 Ζ., 12981209, 12981210,
12981211, 12981212, 13001214,
13001216, 13001216, 13001217,
13001218, 13001219, 13001220,
13001221, 13001222, e. 13001223,
c. 13001224, 13011226, 13021227,
13031230, 13031232, 13031 236,
13031237 Ζ., 13031238, 13061240,
13081242 Ζ., 13091247, ΠΙ, 13061
22288.

Peter 1. Ι, 13091247, 13091248
8., 13101263, 13111266, 13111266,
13111267, 13111268 8., 13121260,
13121262, 131312648, 13131266,
13141268, 13141269 8., 13141270
8., 13161276, 13161277,13161280
Ζ.,13161281,13161283; ΠῙ,13121
2229 S.

Marehward v. Weizzonworch Ι,
13171286, 13171286 8., 13181290,
13181291, 13191293, 13191294,
13191296 8., 13191296 Ζ, 13191
297, 13201301, 13201302, 13201
303, 13211306 8., 13211308 8.,
13211311, 13221313, 13221314,
13231316, 13231317, 13231318,
13231320,13231321, 13231322.

omwnfflwfflw
mstmfflmmwmww

(1311111119, Psam:

336, 13261337 8., 13271344, 13271
346, 13271347, 13271348, 13271
349 8., 13281363, 13301360 8.,
13291366 8., 13311368, 13321373,
13321374 8., 13321376, 13331379,
13361380.
WulfingderAlwnburgaerL1335:
382, 13361383, 13361384, 13361
386, 13361386 S„ 13361387, 13361
388, 13361390, 13361391 S„ 13371
392, 13371393, 13371394, 13371
396 8., 13371398, 13381399, 13381
4008, 13391401,13391402, 13391
404, 13391406, 13391406, 13391
407, 13401412 S„ 13401413 8.,
13401414, 611340417, 13411421,
14311422,13411423,13421428,
herzoglicher caplan 13421429,
13421430,13431434, 13431436,
13431439,13431440134414428,
13441444,13441446,13461447,
134614488, 13461 449, 1346· 460,
13461462,13461463,134614648,
13461466,13461469,1346461
134614628,1346146313481464,
134614668,134614668,13461
467, 1347· 469, 1347 471 13471
474, 134814768, 1348. 4768,,
1348 4778 1348 4798 13481
4808,13481481,13481482,13481
4838. 1348148488,1.349 4878,
13491488,13491489,13601493,
13601494 8., 13601496, 13601496
8., 13601497, 13601498, 13601499,
13601600, 13601601, 13601602,
13611608, 13611613, 13611616,
13621618, 13621619, 13621620,
13631623, 13631627, 13641633,
13641634, 13641636,13661643.
Dietrieh (Dyetrich) 1, 13661637,
13661638, c. 13661644, 13661646,
13661647 8., 13661660, 13661661,
13661662, 13671663, 13671664,
13671667, 13671669 8., 13671660,
13671661, 13681662, 13681663,
13681667, 13681668 8., 13681669,
13691670, 13691672, 1 13601676.

 

