910, 979, 10061081, 1088,1091,
1110, 1121, 1129, 1174, 1289,
1871, 1988, 1428, ΙΠ, 1801,
1988, 2089, 2104, 2184.

1191991899 1, 411.

1790111191, 424.

Holaewopen 11, 1099.

09919ςί1119 ΙΙ, 1468.

homagium 1, 107.

homicidium 111, 1889.

homo (= Lente) Ι, 98, 00, 72, 70,
88, 108,110,117, 128, 124, 101,
164, 208, 221, 246, 249, 206, 268,

260, 278, 278, 280, 294, 970, 877,

mmmmfflwffl
mmmmmmm
mmmemmffls
QQmmmmm
mmmmmmm
mwfflwwmm
mmmmmwm
mmmmmmm
mmmmmfflm
mmmewm
fflmQQme
fflfflwmfflmm
mmwmmwQ
lmfflwmmwffl
1191, 1199, 1191, 1991, 1999
fflwmwssum
mmwmmwm
mmmmmwm
1999, 1999, 1911, 1919, 1919,
mmmffimmm
mfflmfflmmm
mwfflmfflom
1199, 1119, 1191, 111, 1991,

Μ

hospitalarius Ι, 200, 201.

hospitale (s. 91190 spicat) Ι, 02, 180,
162, 200, 201, 782, Π, 908, 942,
1090, ΙΠ, 2208.

hospitalitas 1, 872, 782, ΙΙ, 908, 942.

hospitium 111, 2108, 2206, 2280.

1190919019· Ι, 281, 090, 609, 791, 11,
989, 1184, 1802, 1984, 1499, ΠΙ,
2086, 2108.

Huss (01109) Ι, 098, 711, 717, 782,
811, 877, 888, Π, 948, 1009, 1081,
1871, 1888, 1478..

1111011 Ι, 278, 290, 808, 807, 827, 898,
804, 860, 400, 401, 400, 460, 464,
489, 010, 018, 021, 086, 009, 097,
808, 607, 708, 788, 788, 880, 887,
867, 898, Π, 988, 994, 979, 1010,
1146, 1174, 1198, 1286, 1804,
1820, 1888, 1410, ΙΠ, 1800,
1900.

H'dhmspfosmipe 11, 1208.

huldigsn 11, 1684, ΠΙ, 1948, 2000.

huldigung 11, 1011, 1040,1099,1691,
1666, 1684, ΠΙ, 1884, 1944.

0111999 (0119999, 90091199) 11, 1190.

0919911119 II, 1847,

Hond 111, 1944.

11111911 (01191199) 11, 1248, 1268.

01119 1, 100.

hussrsy ΙΙ, 1349‚1469‚ 1884.

0111Π, 1247, 1289, 1274, ΙΠ,1979.

hypotheca 1, 877.

1, 1.

mmwmfflmww
mfflmfflwst

1mmmmmmmmmm

mmmmmmm
Qmmmmmm
mmmmmwm
mmm

099911, 216, 217.

H'o’ripe 1, 80.

09119991 ΠΙ, 2280.

hortus (9. auch (1991919) Ι, 168, 048,
mmmm&

hospes (s. 9990 0991) 1, 80, 100, 11, 1102.

999911909919,
ΠΙ, 2190.

ψψωωηωω,

mma

Jahr 1, 441.

,19111991τί91 1, 004, 017, 684, 700, 870,
899, Π, 1101, 1178, 1280, 1588,
1800, ΠΙ, 1739, 1796, 2002.

mmmmmmmh
Qmmwwu

 

