804

1110111111, 108.

Maepsmm’qs 1, 709.

111011 Ι, 217.

moth ΙΙΙ, 2147.

1101111111 (= 1101110011) Π, 1139.

metreta (= 11011111) l, 101, 160, 164,
168, 223, 804, 391, 401, 400,
447, 408, 470, 483, 489, 000,
000, 007, 013, 001, 072, 007,
667, 703, 710, 740, 709, 760,
771, 820, 802, 867, 868, ΙΙ,
1010, 1009, 1100, 1102, 1182,
1198, 1200, 1202, 1208, 1243,
1247, 1263, 1279, 1293, 1324,
1899, 1309, 1396, 1401, 1412,
1430, 1448, 1481, 1467, 1469,
1018, 1018, 1019, 1026, 1089,
1676, 1084, 1722, ΙΠ, 1700,
1760, 1781, 1790, 1832, 1846,
1804, 1809, 1883, 1979, 1981,
2020, 2042, 2043, 2009, 2073,
2034, 2100, 2166, 2202, 2204,
2217, 2244.

- Nowonburgsnsis 1, 103.

Metto 1, 711.

10001Ιί11 ΠΙ, 2104.

41111901 ΠΙ, 2273.

milss Ι, 4, 9, 10, 84, 96, 120, 147,
104, 107, 109, 160, 173, 176,
192, 190, 200, 221, 222, 288,
296, 391, 673, 796, 880, ΙΙ,
1064, ΙΙΙ, 1810, 2097, 2098.

1111111010 Β101101 (Missos-ileo) Ι, 220,
302, 389, ΙΙ, 1030.

mindsrn Ι, 293.

ministrare Ι, 200, 347, 349, 447,
072, 782, ΙΙ, 903, 908, 918,
919, 920, 942, 1366, 1382.

minister Ι, 10, 372, 808, 809, 11,
1231.

ministerialis Ι, 4, 9, 11, 27, 80, 02,
06, 83, 103, 149, 101, 106,184,
171, 170, 244, 278, 280, 681,
ΠΙ, 1798.

ministerium 1, 223, Π, 1231.

minuta ΙΠ, 2180.

miseriam, 1932.

Misssmto Ι, 700.

misshslung 1, 698, 734, 766, ΙΙ, 974,
1091, 1298, 1801, 1342, 1420.

missio Ι, 110, 117.

Mos ll, 994, ΙΠ, 1986.

111111011 Π, 1190, 1000, ΠΙ, 1780.

1111001901 ΙΙ, 1226, 1228, 1274,1281,
1298, ΠΙ, 1921, 1992.

1111010111 Π, 1443.

8119010110 ΙΙ, 1600.

11119171 (1011111 dos) 1, 012, 029, 098.
604, 634, 670, 709, 740, 741,
870, 876, Π, 906, 963, 974, 1073,
1111, 1100, 1001, 1311, 1110,
ΙΠ, 2110.

1111011101 Π, 1490.

1111111111, 749, 11, 1200.

1111101800 Ι, 899, ΙΙ, 1190, 1278,
1301, 1334, 1960, 1684, ΠΙ,
2161, 2217.

1411111000 Ι, 772, Π, 994, 1001,
1121, 1280, ΠΙ, 1800, 1838,
18491986.

111111111111 11, 1210.

mobilia 01 immobilis 1, 600, Π,
1070, 1328, 1882, ΠΙ, 2178.

mobilis (101) Ι, 296.

modius (1. auch 110111) Ι, 07, 109,
148, 149, 101, 164, 168, 208,
280, 238, 240, 271, 274, 380,
408, ΠΙ, 1974.

-, Ypolitsnsis solil, 70.

Molos Ι, 800.

molestare Ι, 118, 124, Π, 1897, ΙΠ,
1787.

molestatio II, 1382, ΙΙΙ, 2178.

1110101111Ι, 178, Π, 1200.

mols (1. 0111010).

1101006101101 (1111111111) Ι, 881, 898,
ΙΙ, 1112, ΙΠ, 2012, 2073.

molendinum 1, 1, 2, 0, 10, 18, 238,
416, 860, 880, Π, 1197.

monsohus (1101111101, 8, 81, 203, 677,
782, 808, 809, Π, 903, 908, 919,
920, 942, 1108, 1200, 1207,1382,
1897, 1449, 1007, ΠΙ, 1733,
1707, 1772, 1889, 1949, 1969,
2101, 2171, 2178, 2229, isso,
2260.

 

