712

8161661616, Markzstasm: 0166661 111.
1, 106811, 108816, 01661161 1v.
1, 1096111, 6. 1099114,6. 1124127,
0166661 V. 1, 1140136, 0111666171.
1, 1171160 Ζ.

-, 11611696, 606616116166.

81616, 816611 1116 - v. 1611616661-
garn 11, 146311390.

stein 6. d. 12611611 (816161, 81616, 81666,
81616), 8161711 Ι,6, 10, 18, 26, 62,
126, 146, 171, 184, 197, 198, 233,
239, 262, 267, 269, 270, 293, 294,
308, 326, 381, 389, 436, 466,
600, 628, 639, 684, 609, 613, 622,
670, 701, 710, 729, 747, 772, 776,
777, 804, 810, 843, 846, 879, 893,
897, 11, 907, 970, 983, 9941007,
1022, 1030, 1034, 1036, 1047,
1069, 1098, 1100, 1147, 1162,
1161, 1166, 1168, 1176, 1178,
1188, 1198, 1199, 1202, 1232,
1236, 1242, 1260, 1264, 1268,
1274, 1280, 1287, 1290, 1298,
1301, 1302, 1306, 1310, 1320,
1336, 1340, 1392, 1416, 1431,
1436, 1466, 1476, 1486, 1496,
1610, 1619, 1639, 1693, 1702,
ΙΙΙ, 1733, 1748, 1767,1771,1778,
1791, 1833, 1843, 1844, 1869,
1878, 1880, 1894, 1913, 1961,
1962, 1963, 1968, 1971, 1978,
1979, 1981, 1986, 1987, 1991,
1992, 1993, 1996, 2003, 2014,
2046, 2083, 2086, 2086, 2090,
2097, 2102, 2137, 2146, 2149,
2160, 2161, 2169, 2166, 2211,
2217, 2247, 2261, 2262, 2263,

-, 21811156116 z. 61. 1116611166 1, 146, 326,

389, 843.

-,Μ16611166-ΚΙ. 1, 389, Π, 1036,
1047.

-, 141161 6618161116 ΙΠ, 2217.

-, Psarrer: Rynher 7766111111 Ι, 13241
3268, 13291366, 11111611 Ι, 13671
661, Μ61116 0661661, 8666661 Ι,
13961843, 13961846 8., Friedrich
1161 1161166661, 1166111161 1.Μ1111-

1616 11, 1416110692, 1417110119
8., Urban 11, 143211169.

816111 6. d. 11611611, Qum-diam ’86616116
ΙΠ, 1411712160.

-, Richter: Ulrieh Durst I, 13041
239 8., 11611 1161 8366661661 ΙΙ,
14091989 8,, 14101994 8., 81111-
16166 1161 chraft 1, 139418408,
8161166 Μ611 ΙΙΙ. 1493120811 8.,
1161616166 66186611161611, 13761
7018.

-, Burqyrasen: Ulreich v. 86611 Ι,
13461464 8., 41616661 1161 86666611
v. Priding, 61661. † 816661 Ι, 13361
389.

-,11611166611 Ρ6161 1161 8616116661
Π, 144311298, Η6666 der Holaer
11, 143611199, Β6161111111 Karlin·
ger 111, 147611844, 147711878,
147711880, 14791 1913, 1481 1
1971, 148311996, 147912247,
1494 1 2261, 14941 2262, 14661
2263.

-, Priisocien: Georg Fux 16116116ςὶ-
porg ΠΙ, 1499122118.

-,1161616611·6111 Hanno 8616161661
1161 1111161166 11, 146411392 8.,
8161166 8161 Π, 146411392 8.,
8111116166 der GlagspergGr Π, 14101
994 8., 141111007 8., 8116166661
816616161161 Ι, 13991879 8., 36
11661166 v. - 1, 13661622, 8116-
161611 1161 06616666661 Ι, 13891
804 8., 13901816 8., chunrat in
6616 06616616 I, 13641609 8.,
866661661816116661 1, 13661622,
816611 1161 8116166666 Π, 14111
1007 8.

-,8161711661·61“6611 Marti 8616616161·
661 11, 1438112328, Hamis 1161
(1166661 ΙΙ, 144311302 8., 36111,
Η611. 81661661 † 11, 141411036.

-, 6611166196· 8166616 u. Hv'meitter:
066161 Holler ΠΙ, 149412262,
[16111611 Ι, 13761696, 13761706,
Lucas Newnburger † II, 14381
1232, 011 Ι, 1316128οΖ., Jorg
8666661661 111, 148111979, 14821

 

