794

1161818111111111111, 11, 14, 16, 34, 62.

- sancti 88111118 Ι, 6, 10, 26.

inger (iugorum, 8. auch 7186 und
18181811)Ι,69, 70, 162, 168186,
200, 201, 628, 11, 998, 1276, 1431,
1188, 1188, 111, 1188, 1811, 1881,
1864, 1931, 2009, 2017, 2018,
2069, 2083, 2160, 2166, 2176.

11181181 Π, 1606.

11111811811181Π, 1366.

7811811811 (1118111818) 1, 239, 440,
671, 707, 764, Π, 1097, ΠΙ, 2090.

1118181188 (1111811811) I, 288.

iurisdictio I, 76, 83, 102, 103, 123,
217, 416, 891, 11, 908, 1197,
1231, 1882, 1674, ΠΙ, 1947,
2171, 2178, 2186, 2277.

iuramentum (8. auch 11187) Π, 921,
1266, 1267, 13661397, 111, 1898,
1894, 1986, 2028, 2178, 2236.

- 8811118118Π,960, 1039, 1406.

- fidelitatis 11, 1070.

iurare (= 8811861811) I, 267.

1111818 Π, 1096.

118 (8. auch 1188111) 1, 66, 83, 73, 83,
92, 109, 110, 111, 118, 161, 164,
169, 184, 191, 193, 216, 217, 221,
372, 398, 447, 666, 677, 718, 720,
773, 782, 796, 798, 807, 867, 868,
869, 863, 889, 891, Π, 903, 907,
920, 932, 937, 942, 960, 1016,
1888, 1881, 1818, 1811, 1881,
1070, 1119, 1169, 1169, 1197,
1206, 1892, 1406, ΠΙ, 1768, 1932,
1947, 1986, 2028, 2178, 2183,
2227.

- 8818118111 II, 1096, 1146, 1214,
1284, ΠΙ, 1947.

- civile 111, 1947, 2189, 2227.

-8811111118ΠΙ, 1768, 1948, 1986.

- 8881881811111,41,60.

- ecclesiasticum Ι, 216.

- 811811188118111 (8818118811) Ι, 200,
202.

- 8818888118 Ι, 6, 10, 18, 26, 86,
782, 796, 798, 867, 869, Π, 903,
942.

- 181111 (1881111811106, 186, Π, 1264.

118 6118181, 798.

-18181111811111 I, 4, 83, 183, 184.
- 11811181, 602.

- montanum (8818118811) 1,200,201,

602. .

- 88118811118 (8. 8888871868 1188611)
111, 1764, 1969.

- 8818811111 1, 2.

—plenum (1118 81818) Ι, 167, 169,
181, 188, 118, 111, 1181, 1811.

- precarium 1, 186, 222.

- 818881181ᾱί Ι, 84, Π, 1096, 1134.

- proprietatis 1, 126, 176, 398, 672.

-88188118 8188118181181, 64, 66.

- quesitum ΠΙ, 1932.

- 1881888118818118 Ι, 62.

- retrahendi 1, 9.

- sanguinis 1, 416.

iusticia 1, 60, 61, 67, 72, 76, 101,
106, 110, 111, 116, 176, 208, 666,
677, Π, 908, 1016, 1231, 1382,
ΠΙ, 1894, 1982, 1947, 1986, 2141,
2186.

- oblitus 11811818 Ι, 40.

11.

Kammer (8. auch 81111818) 1, 619,
620, Π, 1178, 1190, 1304, 1637,
1811, 111, 1181, 1111, 1118,
2277.

Klimmerer (8. auch camerarius) Π,
1101, 1140, 1862, 1364, 1438,
ΠΙ, 1818, 1864, 1869, 1888,
1906, 1938, 2047, 2060, 2081,
2084, 2088, 2173.

-, 11111111118181 Π, 1423,

Κ881118168881,697.

118111181ηώ181 Π, 910, 1077, 1164.

Κ1111181 Π, 1166.

11888 11 1111, 1181, 1111, 1111.

11111181 111, 1111, 1118, 1118.

Κ81117818111181681· ΠΙ, 2276.

11188181 1, 670, Π, 1087, 1164,
1118, 1888, 111, 1888, 1181,
2143, 2161, 2177, 2271, 2273.

-, 7188- Π, 1044, 1063.

11888718 (8. auch capella) 1, 84, 94,
226, 891, 400, 461, 462, 468,

 

