mmmm.
6166666111 11, 1666, 1616, 1666,
fflmmmww

mmfflfflmm
ΝΜ

fflmfflmfflffl
mmmmm

1116611611 Π, 1112, 1298, 1301, ΙΠ,
1967.
6166116666 Ι, 466, 483, 841, 711.

1111611611 11, 1003.

widerwoehsel Ι, 182, 313, 674, Π,
10631202.

6166111611 Ι, 689, 898.

6166111311ἰς ΙΠ, 1981, 2140.
widorw1rtigkait 11, 1181, ΙΠ, 1967.
11166111111611 ΠΙ, 2148.

widonem 111, 1181.

171666661πῶ166, Ι, 63.

1716166116 Π, 1083, ΙΠ, 2062.

Wrt 1, 267, 436, 626, 613, 632, 697,
698, 711, 719, 769, 190, Π, 946,
1126,1641.

1116111111, 628, 641, 699, 769.

Wirtnchafl ΙΠ, 2217.

171666 Ι, 276, 263, 346, 389, 441,
462, 627, 641, 669, 619, 684,
600, 647, 661, 169, 783, 823,
828, 841, 848, 849, 868, 817,
890, 896, Π, 902, 966, 930, 989,
1010, 1018, 1066, 1069, 1066,
1106, 1110, 1118, 1122, 1138,
1161, 1184, 1190, 1216, 1216,
1272, 1292, 1387, 1393, 1406,
1411, 1426, 1464, 1469, 1666,
1691, 1708, ΠΙ, 1768, 1801,
1816, 1832, 1860, 1864, 1860,
1868, 1908, 1910, 1911, 1927,
1939, 2026, 2049, 2069, 2104,
6161, 6166, 6166, 6116, 6164,
2216, 2260.

1716161161 (1116111111) Ι, 369, 360, 424,
631, 647, 661, 666, 689, 697,
727, 783, 861, ΙΙ, 906, 910, 986,
919, 9921012, 1038, 1100, 1106,
1121, 1161, 1114, 1191, 1219,
1286, 1321, 1428, 1469, 1716,

841

ΠΙ, 1760, 1801, 1864, 1860, 1910,
1939, 1988, 2062, 2184.

1111611 ΙΠ, 1768.

111161, 334.

11111661, 334.

1711166 (1111116) Ι, 319, 320, 321, 322,
332, 364, 360, 413, 420, 429, 432,
wsswmmwfflm5
621, 837, 647, 692, 697,898, 116,
760, 764, 169, 820, 837, 881, Π,
906, 940, 941, 949, 966, 973,
1013, 1111, 1128, 1187, 1193,
1661, 1616, 1641, 1646, 1616,
1371, 1396, 1399, 1824, 1864,
mwwmmm
1742, 1743, 1746, 1768, 1799,
1823, 1921, 2006, 2046, 2086,
2166, 2161, 2262.

Wochel, 483, 648, 684, 111, 712,
mwwffifflm
1196, 1243, 1283, 1362, 1121,
ΠΙ, 1781, 1881, 2001, 2217,
2266.

17661166616166 Π, 1390.

1766116119 ΙΙ, 1101, 1161.

Wucherer ΠΙ, 1876.

1171111116, 1116111666 - Ι, 416, 416,
899.

wflr I, 761, 898, Π, 1083, 1106,
1210, ΙΠ, 1771, 1829.

11716116 Ι, 668.

Wurf 11, 1621.

wfirgraben III, 2012.

wfirslag 11, 1112, 1666.

mmm.

Π

wmmwfflffim
mmmmww
mmmmm&
666, 611, 616, 616, 11 116
&mmmmm
mmmmmm
mmwmwm

 

