820

866, 862, 868, 867, 888, 892, 894,
899, ΙΙ, 900, 902, 933, 960, 968,
970, 980, 981, 1022, 1024, 1088,
1039, 1044, 1066, 1062, 1063,
1067, 1073, 1076, 1083, 1088,
1098, 1188, 1147, 1187, 1199,
1206, 1210, 1212, 1216, 1229,
1236, 1240, 1242, 1248, 1249,
1271, 1274, 1279, 1284, 1286,
1297, 1801, 1816, 1822, 1366,
1404, 1466, 1476, 1477, 1496,
1498, 1600, 1618, 1614, 1686,
1661, 1666, 1670, 1628, 1681,
1687, 1638, 1669, 1662, 1689,
1708, 1710, 1719, 1720, ΙΠ,
1781, 1798, 1801, 1811, 1842,
1870, 1921, 1970, 1976, 1987,
1992, 2000, 2002, 2006, 2011,
2018, 2074, 2076, 2077, 2086,
2086, 2080, 2106, 2120, 2121,
2169, 2176, 2189, 2191, 2201,
2204, 2277.

- 1191611196191 Π, 1130.

-91911196191 Ι, 436, 11, 994, 1018,
1017, 1086, 1089, 1139, 1296,
ΠΙ, 2048, 2090.

1119116161, 430.

1196111616 ΙΙ, 1629.

11199911Π, 2143.

121611βεί1911 Ι, 663.

11169 Π, 1166, 1688.

1116916966· Ι, 761, ΙΙ, 1189, 1301.

111669 (191111) Π, 1069, 1414, ΠΙ,
2217.

1111991111, 298, ΙΙ, 1026, 1088, 1068,
1208, 18391438.

ripa 1, 6, 18, 26.

1111191 Ι, 76, 81, 244, 324, 343, 366,
426, 461, 462, 467, 490, 620, 636,
647, 666, 676, 679, 689, 696, 600,
606, 621, 669, 670, 696, 806, 806,
818, 820, 844, 876, ΙΙ, 914, 963,
919, 919, 1911, 1999, 1139, 1199,
1284, 1286, 1331, 1841, 1373,
1406, 1461, 1498, 1499, 1614,
1622, 1608, 1626, 1628, 1631,
1674, 1686, 1692, 1699, ΠΙ,
1739, 1778, 1662, 1807, 1928,

1970, 2084, 2086, 2107, 2110,
2114, 2144, -2172, 2217, 2267.

1106669919 ΙΠ, 1967.

6616196991 ΠΙ, 1912, 1922, 1967.

111119 Π, 1306.

rivulus I, 30.

11911966, 11, 14, 26, 27.

196111 (Rom) 11, 916, 1181, 1190,
1208, 1384, 1339, 1666, 1611,
1684, 1689, ΠΙ, 1941, 1973,
2027, 2066, 2163.

1961691111, 2002.

roborare 1, 66, 66, 104, 124,147, 162,
166162, 171, 172, 178, 176184,
186193, 196, 208, 279, 286, 807,
Π, 1266, 1897, ΠΙ, 2026.

- sigilli inpressione 1, 66, 67, 82,
199, 111, 119, 999, 191.

11999961, 311, 11, 1416.

119911 (191196) 11, 1247.

19911911 ΙΠ, 2148.

1199111696 1, 346.

rogationes 1, 204.

11999 (s. 911911 Pserd) Π, 1210, 1864,
1622, 1628, 1638, 1648, 1672,
1673, 1677, 1678, 1630, 1681,
1642, 1688, ΙΠ, 1781, 1864,
1886, 1887, 1907, 1922, 1948,
1988, 1984, 2027, 2117.

19111 ΠΙ, 2186, 2200, 2206.

119111691119111911111111191)11, 1672, 1673,
1870, ΠΙ, 1970.

11199611, 1108, ΠΙ, 1781.

19966916611Π, 1781.

11199911 Ι, 416, 468, 769, 899, ΙΙ, 1112,
1417, ΠΙ, 1781.

rughalm Ι, 898.

1119911119 Ι, 699, 769.

11911691) 111919, 1628, 1629.

11169111, 897.

1111111111, 1281, 12661264, 1463, ΠΙ,
1969, 2064.

11161911 (zu Lehm-) Ι, 846, 388, 892,
646, 728, 781, 760, 761, 803, 808,
826, 861, 871, 692, 11, 9661009,
1082, 1038, 1067, 1118, 1166,
1184, 1187, 1211, 1240, 1242,
1288, 1288, 1816, 1348, 1860,

 

