necessitas 1, 183, 184, 186, 204, 217,
718, 846, 868, 869, 11, 922, 942,
1016, 1167, 1206, ΙΠ,1969, 1972,
2197, 2208.

Necrolog ΙΙ, 1289, 1306, 1449, ΙΠ,
1768, 1774.

negligere Ι, 200, 201.

negotium Ι, 8, 109, 178, 219, 268,
847, 849, 896, 666, 796, Π, 908,
918, 919, 920, 942, 1070, 1268,
1601, ΙΙΙ, 1967, 1969, 1974, 2028,
2126, 2168, 2182, 2188, 2186,
2197, 2206, 2214, 2268.

1161111611 Ι, 293.

1111141 Ι, 882.

nemus 1, 26, 82, 814, 678, 860, 886,
11, 1197, 1264.

Neubestifluny ΠΙ, 2100.

1166610661 ΙΙ, 1267, 1861.

6611166111 Ι, 866, 11, 1191, ΙΠ, 1838.

nonnata 111, 2217.

1161161111 ΠΙ, 2018.

1166666611 ΙΠ, 2062.

6661161116 ΙΠ, 1888.

11661611 11, 1611.

61611611 Ι, 666, 669, 666, 628, 644,
647, 668, 680, 697, 828, 826, 862,
864, 890, Π, 910, 936, 9481068,
1097, 1112, 1188, 1161, 1174,
1176, 1190, 1202, 1203, 1239,
1278, 1281, 1286, 1807, 1826,
1116, 1411, 1466, 1411, 1611,
ΙΠ, 1892, 1966, 2018, 2184, 2217.

nix 111, 2176.

notariatus (Notaviat) 1, 832.

notarius (Notar) 1, 16, 62, 72, 76,
84, 86, 102, 107, 169, 160,162,
186, 186, 200, 201, 218, 266, 269,
841, 866, 688, 677, 681, 686, 789,
868, 886, 891, Π, 907, 980, 942,
960, 960, 967, 1014, 1016,1020,
1021, 1088, 1037, 1089, 1042,
1048, 1044, 1046, 1049, 1067,
1062, 1069, 1064, 1068, 1069,
1070, 1096, 1096, 1119, 1128,
1146, 1160, 1162, 1168, 1167,
1169, 1170, 1189, 1218, 1214,
1284, 1278, 1828, 1829, 1406,

807

1411, 1416, 1414, 1444, 1466,
1466, 1416, 111, 1166, 11661166,
1166, 1661, 1664, 1666, 1661,
1661, 1614, 1616, 1641, 1900,
1901, 2029, 1666, 1664, 1161,
1116, 1116, 1161, 1161, 1166,
1166, 2199, 1166, 1161, 1111,
1144, 1111, 1116, 1116, 1111.

Nom (6661116111) Ι, 306, 888, 626,
666, 686, 666, 711, 843, 860,
896, 897, Π, 984, 1068, 1181,
1182, 1186, 1174, 1190, 1196,
1247, 1264, 1274, 1279, 1281,
1286, 1286, 1298, 1830, 1884,
1842, 1847, 1861, 1868, 1418,
1420, 1486, 1622, 1640, 1662,
1666, 1660, 1670, 1698, 1606,
1609, 1618, 1614, 1624, 1629,
1686, 1642, 1664, 1662, 1667,
1670, 1678, 1674, 1680, 1684,
1688, 1689, 1697, 1699, 1708,
1723, ΙΠ, 1739, 1746, 1766,
1781, 1812, 1869, 1922, 1966,
1973, 1976, 1984, 1988, 2143,
2146, 2162, 2179, 2184, 2218,
2217.

-, 6116111161 (6116111661) Ι, 212, 864,
488, 666, 676, 689, 744, 769, 11,
1426, ΙΠ, 2002.

1761111696 Ι, 282, 828, 11, 961, 969,
962, 977, 1000, 1011, 11141162,
1429, 1460, 1604, 1698, 1721,
1749, 1828, 1836, 1861, 1878,
1920, 1928, 1968, 1964, 1989,
2084, 2044, 2066, 2066, 2174,
2201, 2261, 2262, 2268, 2266,
2261.

notificare 111, 1871, 1984.

11611116 (noticia) Ι, 169, 162, 166,
202, 228, 869, 882, 679, 11, 922,
1206, 1267, ΠΙ, 1846, 1984,
2136, 2206.

11611611 Ι, 772, 816, 844, 11, 916, 923,
994, 1161, 1280, ΙΠ, 2148, 2266.

novale 1, 18, 68.

novitius Π, 1882, ΙΠ, 1889.

nuntius 1, 98, 188, 161, 164, 677,
798, 846, 886, Π, 921, 922,

 

