5515951 I, 511, 526, 559, 575, 641,
647, 757, 825, Π, 984, 1061.

5515555511, 1728.

4515115 Ι, 224, 264, 288, 293, 306,
418, 448, 458, 455, 466, 559, 578,
645, 668, 655, 691, 708, 710, 715,
747, 776, 778, 868, Π, 1172, 1174,
1286, 1296, 1297,1884, 14491441,
1449, 1452, 14591465, 1483,1509,
1510,1708,1722, ΙΙΙ, 1750, 1785,
1798, 1820, 1821, 1822, 1885, 1848,
1850, 18691908, 1988, 2052, 2098,
2150, 2196, 2217, 2254.

45155559 (5516555) Ι, 69, 70, 205, 508,
515, 526, 529, 575, 705, 740, 868,
Π, 915, 1019, 1082, 1090, 1147,
1178, 1284, 18721403, ΙΙΙ,1750,
1789, 1812, 1888, 1848, 1852, 1880,
2005, 2009, 2025, 2044, 2050, 2055,
2077, 2082, 2202, 2217, 2225.

abachum (abnemen) Ι, 515, 11,1500,
1728.

abraiiten 11, 1470.

451555 Π, 1555, 1652, ΙΙΙ, 2002,
2007, 2110.

abreden 11, 1420, ΙΙΙ, 1921.

abrenuntiare Ι, 41, 55.

451555 (absagen) 11, 978, 1298, 1499,
1621, 1586, 1540, 1570,1595,1597,
1608, 1604, 1505,1612,1621, 1684,
1708, ΠΙ, 1944, 1945, 2027.

5555551555 ΠΙ, 1767, 1902.

5555551555 ΙΙ, 1622, 1671.

abachid 11, 1556, 111, 2002, 2266.

abacia Π, 1352.

55551555 Ι, 898, Π, 979, ΙΙΙ, 2051,
2149.

abelagen Ι, 878, 565, 611, ΙΙ, 1210.
absolvere (absolutio com Ranae) 1,
168, 194, 577, 718, Π, 908, 922,
1206,1214,1255, 1407, 1455, ΠΙ,
1824, 1847, 18731875, 1957, 2021,

2079, 2128, 2186, 2151, 2177, 2179,
2180, 2181, 2182, 2183, 2185, 2200,
2218, 2266, 2267, 2277.

abaci, 5. 5555115.

45511515, a. 5555111555.

abtrag 11, 1420, ΙΠ, 2052.

755

55595 1, 483, 535, 574, 11, 9⁷3,
911, 1341, 1356, 1555, 111, 1781,
1941, 2151, 2113.

5555155 Π, 979, 1032, 1117, 1215,
1856, 1365, 1404, 1521, 1522,
1680, 1684, 1676, ΠΙ, 1882, 1955,
2007, 2148.

abusus 11, 1281.

55515555 Ι, 485, ΙΙ, 1088, 1090, 1100,
1525, 1651, ΙΙΙ, 1888, 1944, 1958,
1963, 1964, 2001, 2044, 2244.

acceptare 1, 720.

aemma (15115115, 55515515, 17515555)
Π, 1248, 1268, ΙΠ, 1858, 1979.

achtring 111, 1781.

4555· (ager, 55555, 55555) Ι, 1, 2,
126, 158, 168, 228, 240, 283, 288,
296, 829, 882, 388, 354, 855, 367,
404, 406, 418, 427, 432, 488, 448,
456, 508, 521, 525, 533, 586, 548,
568, 578, 579, 600, 081, 551, 657,
567, 573, 674, 688, 691, 692, 694,
697, 727, 745, 747, 759, 795, 805,
819, 820, 828, 825, 884, 847, 854,
856, 860, 867, 868, 890, 892, 899,
11, 902, 910, 913, 917, 986, 979,
992, 1001, 1010, 1088, 1048, 1059,
1061, 1100, 1114, 1126, 1131,
1132, 1135, 1111, 1168, 1174,
1184, 1190, 1198, 1215, 1241,
1276, 1279, 1286, 1811, 1821,
1328, 1851, 1395, 1397, 1420,
1455, 1155, 1515, 1515, 1515,
1655, 1691, 1715, ΙΙΙ, 1744,
1750, 1781, 1795, 1801, 1821,
1822, 1831, 1882, 1850, 1854,
1931, 1989, 1988, 2009, 2025,
2026, 2052, 2059, 2069, 2084,
2101, 2104, 2106, 2138, 2139,
1151, 2173, 5115, 2184, 2212,
2217, 2260.

555551880.

accidentiae I, 191.

accommodare ΙΠ, 1848.

acolytus 1, 258, 847, 849, 396.

acquisitio Ι, 118.

4151555555 ΠΙ, 1883.

551151, 55, 93, 191, 655.

48*

 

