812

fflwfflfflfflffim
mmmmmmm
mmmwwmw
mmmmmmm

mmmmme

2171, 2178, 2183, 2184, 2197,

2217, 2224, 2230, 2266, 2277.
-6661661661166 Ι, 84, 41, 216, 216,

217, ΙΙ, 908,Π1, 1982, 1968.

- ecclesiastica secularisve Ι, 12, 34.

personatus 11, 942. ’

pertinentiae Ι, 1, 92, 372, 398, 447,
666, 672, 673, 718, 782, 796, 798,
867, 887, ΙΙ, 908, 908, 937, 942,
1040, 1070, 1119, 1169, 1264,
1897.

petitio Ι, 1, 2,18, 41, 49, 61, 62, 64,
66, 92, 102, 104, 108, 110, 111,
136, 149, 160, 167, 216, 218, 766,
782, 807, 867, 868, 869, 869, Π,
903, 912, 942, 1102, 1119, 1243,
1263, 1267, 1397, 1407, 1422,
ΠΙ, 1843, 1992, 1947, 2178, 2182,
2183, 2186, 2224.

petto Ι, 210, 766, 783, 11, 9741068,
1091, 1193, 1210, 1226, 1263,
1280, 1410.

peunta Ι, 628, 694, 733, ΙΙ, 943,
1390, ΙΙΙ, 1771.

6636116666 ΙΠ, 1796, 2069.

Pftmd 11, 628, 974, 1013, 1332, ΙΠ,
1746.

ΡῙ61111669 I, 600, 613, 617, 689, 816,
879, 899, Π, 1280, 1317, 1639, ΠΙ,
1781,1806.

Psalzqraf Π, 978, 1284, 111, 1960,
2142.

Pfarranqekiin'ye Π, 1266.

Pfawer (plebanus, pharror) Ι, 64, 66,
66, 88, 84, 87, 88, 92, 98, 94, 96,
102, 106, 111, 117, 126,184,137,
138161, 166, 164, 166,166,167,
171, 181, 182, 188, 184,186,196,
200, 201, 203, 220, 221, 232, 286,
260, 264, 268, 269, 273, 276, 278,
280, 282, 286, 287, 288, 296, 298,

mmmmmmm

mmmmmmm

871, 372, 373, 376, 377, 381, 382,
389, 391, 398, 400, 404, 413, 414,
Qmmwmfflm
fflwmwmfflmam‚
626, 626, 631, 636, 641, 646, 648,
649, 666, 667, 661, 662, 663, 666,
mmmmmmffl
mmffiwffifflm
mmmmmmm
mmmmmmm
mwmmmmwfflr
836, 844, 846, 848, 860, 866, 862,
863, 868, 880, 884, 886, 899, Π,
ΜωΜωηΜΜω,
968, 960, 961, 967, 969, 971, 972,
rwwmwmm
1020, 1021, 1030, 1046, 1048,
1068, 1069, 1076, 1080, 1083,
mmmmmwm
mmeme
memmwm
mwmmmmm
1201, 1214, 1224, 1284, 1246,
1166, 1666, 1666, 1616, 1611,
1661, 1661, 1661, 1661 1666
1386, 1389, 1390, 1396, 1896,
lmmwmmmm
fflmwmfflstm
1666, 1616, 1666, 1666, 1616,
mmmmmmm
1743, 1749, 1768, 1763, 1766,
1786, 1799, 1801, 1849, 1861,
1863, 1868, 1873, 1876, 1882,
1883, 1908, 1910, 1911, 1928,
fflwmmmmm
mmmmmwm
mfflmmmm

Psarryemrindo Ι, 494, Π, 1246, 1347,
1389, 1469, ΙΠ, 1873.

Psarrlwf (curia parrochialis) 1, 126,
288, 369, 877, 761, 880, 887, 11,
mmmmfflm,
mmmmmwm
mwmmoemm,
&mmm

Psarrlehen 1, 678.

Pfarrleute (6166666111, 6116116616) 1,
62, 364, 360, 648, 664, 641, 689,

 

