782

gefellig 11, 1278. gemeehtbrief II, 1101, 1230, 1325,

gegenteel 1, 429, 488, 566, 589, ΙΠ, 1359, ΠΙ, 1744, 1832, 2212.
2225. 0611161766 11, 1184, ΙΙΙ, 1781,

gehssllprif I, 784. gemewr 11, 1301.

0656116111 Ι, 565, 850, 895, Π, 1485, gemma I, 414.

1611, 1666, 1611, 1616, 1611, ,611611111166111,611,11,1661,

16161616, HL 1166, 1661, 1611, 16161666, 1116.

1929, 1977, 2157, 2159, 2190. genitrix, dei -Ι, 7, 10.
gehoreamer Ι, 696. 06116166 Ι, 555, ΙΙ, 1537.
gehoreemerin 1, 671. genus (= 0661516131) Ι, 318, 376.
0676176 (161111) Π, 1284, 1492, 1493, - genere 61111611, 37.

1495, 1496, 1497, 1529, 1531, - ex liberiore genere I, 28.

1533, 1541, 1570, 1596, 1675, 6111111(,1111)11,1666,1666.

1696, 2277. 1616116111, 485.

06711 Ι, 598, 868, Π, 931, 9381074, 0666569561 (gereehtigkait) 11, 1352,
1082, 1273, 1640, 1641, 1682, 1363, 1499, 1579, 1628, 1630,
1111, 1116, 111, 1116, 16161666, 1666, 111, 1111, 1161, 1661, 1611,
1611,1666,1611,1161. 1661, 1661, 1661, 1666, 1616,

0671751161(ςοί151167) ΙΙ, 1228, 1361, 2077, 2277.

1166, 1166, 1661, 111,1130,1118. ,61111 (= 1611111, ,1111766166
0611716116 ΠΙ, 1997. Π, 1188, ΠΙ, 1732, 1831.
0675165113 (1611165616) 1, 702, 784, gerhebechaft 11, 1311.

8091 8431 ΙΙ1 929, 930, 938110241 Gen‘ckt (6313651300711544) Ι, 121, 208,

1036, 1226, 1228, 1298, 1307, 265, 293, 416, 435, 478, 485, 582,

1666, 1667, 16441 ΙΙΙ, 1736, 1746, 666, 611, 616, 166111661666,

1764, 1621, 2217, 2262. 11, 666, 1616, 1661, 1116, 1111,
6161711,663,6661 1111711516, 1116, 1116, 1111, 1166, 1666,

111, 1116, 1116. 1611, 1661, 1116, 1116, 1166,

goligerll,1580,1011,1884. 1469, 1491, 1493, 1628, 1659,

gelent 11, 1116. 1661, 1666, 111, 1161, 1161, 1611,

9616566 (gelflbd) Ι, 199, 207, 210, 1838, 1939, 1954, 2090, 2188,
343, 510, 511, 517, 518, 559, 647, 2193, 2272.

674, 713, 766, II, 1026, 1028, geriehten I, 656,

1666, 1661, 1661, 1166,111,1661, 6666161611 1, 111, 11, 1010, 1116,
61111161 11, 1161. 1111, 1166, 1611, 1116, 1116,
1611,.1. 017716. ΙΠ, 1764.
gelten 1, 251, 378, 475, 485, 628, 0611651616, ΙΙ, 1018.

661, 666, 11, 616, 661, 1111. 6616611666, 11, 1616.
gelter 11, 1139, 1684. 061116 Ι, 500, 606, 645, 667, 708,
gem10111= 11111) 1111611. 116, 166, 11, 1116, 1116, 1166,
gemeecht 1, 573, Π, 1216, 1325, ΠΙ, 1415.

1832. gesanchher Ι, 848.
gemain (= 0611611156) Ι, 548, 584, 06165511 (16665611) Ι, 287, 484, 531,

642, 898, Π, 915, 951, 1038, 541, 582, 663, 745, 785, 790, 820,

1161, 1161, 1161, 1161, 1166, 661, 666, 11,1010,1101‚ 1166,

1298, 1301, 1425, 1499, 1536, 1247, 1309, 1352, 1485, 1577,

ΠΙ, 1970, 2000, 2086. 1609, 1633, 1660, 1688, 1615,
gemeiner Ι, 483, ΙΙ, 1870. 1822, 1854, 1868, 1961, 1992,

 

