memmm&
m

76916619166111 (voytzpurckrocht) Π,

1394.

7691116161Π, 1112.

769161· (1. 611611 advocatia, advocatio)
1, 63, 102, 104, 120, 123, 124,
141, 149, 161, 164, 116, 188,
184, 199, 223, 236, 241, 244,
266, 271, 293, 318, 389, 370,
376, 399, 407, 460, 469, 486,
493, 499, 628, 644, 646, 667,
694, 614, 624, 630, 700, 718,
738, 837, 1083, 1164, 1172, 1210,
1362, 1424, 1609, 1613, 1614,
1616, 1647, 1684, 1812, 2002,
2047, 2060, 2066, 2071, 2088,
2160, 2228,

- 1116169161· 1, 484, Π, 1172.

- 111616916166111 ΠΙ, 1866.

669166 Ι, 448, 413, Π, 916, 1164,
1671, 1602, 1611, 1626, 1628,
1670, ΙΠ, 1739, 1832, 2027,
2217.

7691961161 Ι, 306, 327, Π, 1168,
1182, 1186, 1202, 1722, 1123,
ΠΙ, 1846, 1866, 2266.

76911161 ΙΙ, 1469, 1614, 1680, 1684.

7691116161 Ι, 261, 386, 460, 489, 618,
687, 108, 769, Π, 979, 1162,
1199, 1208, 1262, 1324, 1339,
1mmmmwm
1430, 1442, 1444, 1466, 1467,
1469, 1480, 1613, 1618, 1619,
1642, 1646, 1646, 1664, 1686,
1637, 1662, 1684, 1724, ΠΙ,
1864, 1913, 1936, 1931, 1940,
lmmmwwm
2062, 2011, 2072, 2081, 2087,
2094, 2166, 2201, 2202, 2204,
2211.

7691161616611Π, 1461.

7691116666 ΠΙ, 1142.

7691661866 Π, 1112, 1694, 1699,
16161729.

7691161116 Ι, 343, Π, 1103, 1120,
1413, ΙΠ, 1913, 2216.

76916666 11, 1218.

ffl

Voqtpsermiqe Ι, 887.

7691166111 (1611166111, 1691166111, ius
advocacie) Ι, 149, 164, 166, 182,
193, 202, 234, 263, 273, 300,
mmmmmm
369, 368, 400, 408, 433, 462,
mmmmfflm
603, 607, 623, 669, 666, 768,
mmmmmm
1666, 1661, 1111, 1111, 1166
1410, 1611, 1666, ΠΙ, 1882,
Μ66ω,6666166
2216.

76911611691, 468, Π, 1083, 1363.

7691611161 Ι, 360, 376, Π, 1297.

7611111, 1364, 1611, ΙΙΙ, 1867,1869,
mfflmm.

6616116966(1611,111119611) Ι, 711, 820,
mwmwmm
mmmmmm,
2211.

6616161611, 729, 734, 820, ΙΙ, 946,
mmfflmm.

7611666111 Ι, 139, ΙΙ, 1049, 1649,
ΙΠ, 1847, 2034, 2079, 2181,
2190.

161116111611 Π, 1101.

7616116161 Ι, 610.

7616611611 Ι, 318, 322360, 368, 316,
399, 407, 434, 493, 644, 672,
mmwmmm
1039, 1113, 1418, ΙΠ, 1936.

1616616116 Ι, 497, 623, 667, 11,
1214, 1362, 1406, 1499, 1614,
1630, 1698, 1106, ΙΠ,1812,1832.

1616161661Π, 1446.

7619611166 Ι, 287, 289, 300, 338,
340, 404, 412, 492, 631, 674,
Μωωωωω
Π, 916, 928, 980, 1083, 1089,
1098, 1181, 1132, 1137, 1149,
1ωΛ6μ66661
1626, 1679, 1680, ΠΙ, 1180,
1812, 1986, 2063, 2099, 2211.

vorfluchtig 11, 1218, 1298.

7619116961 Ι, 260, 423, ΙΙ, 1036,
1123, 1118, ΠΙ, 1147, 2103,
2168, 2211.

 

