809, ΙΙ, 903, 909, 942, 1070, 1102,
ΙΠ, 1737, 1768, 1894, 1932, 2230.

instrumentum 1, 104, 174, 377, 0371
033, 039, 077, 739, 860, 800, 380,
11, 903, 942, 900, 1010, 1003,
1004, 1000, 1197,1427, ΙΙΙ, 1893,
1894, 1932, 1947, 1907, 2136,
2180, 2197, 2200, 2208, 2227,
2273, 2270.

institute Ι, 310.

1111111(111107) Ι, 18, 83, 108, 004, 000,
ΙΙΙ, 2021.

1110101111, 773.

111101011οΠ, 1010.

1111110111 Ι, 710, Π, 908, 1214, 1300,
1382, ΙΠ, 1903, 2028, 2119, 2120,
2121, 2122, 2123, 2128, 2180.

interventus Ι, 82.

-ob interventum et petitionem Ι, 1, 2.

intentato, 00 - ΠΙ, 1893.

11111101, 116, 117.

111011 Ι, 772, 816, 800, Π, 979, 1101,
1174.

1111011113 11, 1280.

investire 1, 0, 11, 27, 071, ΙΙ, 991,
1070, 1134, 1140, 1400, 1427,
ΠΙ, 1893, 2007, 2128.

1111111001 (investitura) 1, 4, 32, 797;
ΙΙ, 1014.

invia, viis 01 11111111, l, 2, 108.

1111011011Π, 1977.

1111110111 11, 1101.

1111101111, 003, 832, 898, 899.

1110111 Π, 1084, ΙΠ, 1922.

1001111111, 2207.

1011011111) 1, 168, 288, 324, 329,
307, 400, 418, 433, 439, 448, 402,
407, 021, 020, 033, 008, 600, 031,
036, 638, 000, 001, 607, 009, 007,
671, 080, 091, 692, 094, 700, 707,
727, 743, 709, 708, 772, 783, 800,
819, 823, 820, 828, 834, 849, 802,
807, 868, 890, 832, Π, 913, 917,
927, 994, 1034, 1030, 10001009,
1001, 1071, 1080, 1089, 1100,
1114, 1131, 1132, 1133, 1130,
1101, 1174, 1188, 1190, 1203,
1211, 1241, 1243, 1200, 1263,

793

1279, 1280, 1287, 1310, 1317,
1320, 1340, 1302, 1390, 1398,
1410, 1432, 1430, 1471, 1000,
1013, 1017, 1018, 1037, 1038,
1091, ΙΠ, 1748, 1700,.1708,
1709, 1700, 1766, 1769, 1739,
1790, 1800, 1807, 1832, 1939,
1978, 1980, 1993, 2003, 2003,
2017, 2020, 2048, 2049, 2008,
2009, 2070, 2077, 2080, 2089,
2092, 2104, 2107, 2113, 2133,
2170, 2217, 2204.

Irrequlon‘ttit (irregularitas) 1, 710, Π,
1200, 1300, ΠΙ, 1889, 1967.

11101 Ι, 210, 041.

1110111 Ι, 181, 182, 201, 267, 307,
010, 030, 009, 073, 047, 063, 674,
089, 694, 097, 768, 783, 320, 830.

1111011011 Ι, 070.

irrung Ι, 423, 409, 020, 089, 041,
006, 637, 698, 729, 320, 800, 397,
Π, 910, 970, 974, 979, 9941013,
1004, 1001, 1083, 1101, 1133,
1137, 1101, 1174, 1173, 1190,
1131, 1202, 1203, 1210, 1210,
1243, 1202, 1203, 1274, 1281,
1280, 1286, 1298, 1300, 1322,
1300, 1412, 1420, 1447, 1470,
1022, 1040, 1009, 1900, 1901,
1962, 1983, 2022, 2102, 2217.

Judo (11111011) Ι, 130, 174, 211, 330,
880, 440, 483, 017, 030, 099, 002,
030, 702, 712, 720, 744, 700, 881,
Π, 994, 1162, ΙΠ, 1740.

Judenrictter 1, 440, 090, 022, 698,
712, 734, 702, 703, 800.

iudex (1. auch 11110101) Ι, 07, 72,102,
103, 103, 109, 113, 114,110,110,
117,100, 100, 109, 100, 171, 208,
230, 271, 408, 003, 043, 600, 677,
790, 880, ΙΙ, 903, 942, 1200,
1382, 1400, 1411, 1010, ΙΙΙ, 1893,
1894, 2178, 2182, 2180, 2197, 2200.

iudicatus 111, 1893.

1101011111 Ι, 07, 113, 100, 208, 230,
377, 408, 000, 714 ,Υ Π, 908, 922,
1100, 1111, 1311, 111, 1111, 1101,
1932, 2132, 2183, 2180.

 

