mmmffimwm
1666, 1666, 1616, 1616, 1664,
166 61 66,161 mm,

1835, 1862, 1910, 1957, 1976,

1977, 1998, 2002, 2019, 2052,
2169.

1161669 Ι, 264, 370, 399, 445, 451,
475, 504, 519, 534, 535, 598, 553,
556, 565, 570, 573, 581, 586, 588,
589, 593, 596, 623, 626, 627, 628,
633, 640, 644, 658, 680, 703, 706,
713, 717, 728, 731, 766, 774, 775,
799, 816, 823, 843, 844, 850, 852,
854, 861, 871, 892, Π, 909, 910,
969, 971, 972, 979, 999, 1008,
1013, 1017, 1019, 1038, 1053,
1054, 1116, 1122, 1196, 1137,
1199, 1172, 1179, 1183, 1184,
1194, 1201, 1218, 1220, 1226,
1227, 1228, 1229, 1284, 1952,
1475, 1521, 1522, 1536, 1607,
1631, 1684, ΙΠ, 1956, 1960,
1977, 2013, 2143, 2169, 2232,
2233.

Hmoqin 11, 966,

Heme ΠΙ, 1875.

Hilfe I, 306, 400, Π, 1494, 1495,
14961631, 1666, ΙΙΙ, 1781, 1858,
1862, 1887, 1962, 1970, 1983,
1984, 2010.

6165166666 ΙΙ, 1191, ΙΙΙ, 1790.

6168616666 Ι, 729, 816, 897, ΙΙ, 970,
974, 1061, 1101,1112,1199, 1262,
1279, 1900, 1420, 1447, 1475,
ΙΠ, 1799, 1832, 1988, 2022, 2052.

1116116666, Ι, 674.

1116611166 1, 783.

hingeber Ι, 459, ΙΙ, 1019, 1071.

hingovallen I, 698.

1116166669 ΙΙ, 1112, 1246‚1298 1678

hintergflngig 11, 1420.

himer jamim 9616616 Ι, 698, 729,
734, 757.

5161616666 Ι, 625, 11, 1115.

ffinterloemchafl 1, 829, 875, 11, 1073.

hinterlegen I, 598, Π, 963.

Hintmmen 11, 1175, 1278, 1930,
1331, 1548, 1571, 1623, 1629,

m

1635, 1645, 1646, 1663, 1726,
1727, ΠΙ, 1781, 1789, 1898, 2055.

Η661166161611Π, 1745.

1166161621, 557.

Ηοο16661166(113611661166) Ι, 338, 354,
483, 510.

Hos 1, 71, 189, 206, 291, 232, 294,
242, 244, 264, 268, 276, 285,
293, 294, 295, 906, 807, 313,
320, 322, 327, 994, 388, 357,
959, 360, 978, 381, 991, 400,
mmmmfflssmam
mfflmmffifflffi
467, 473, 475, 479, 484, 497, 498,
500, 504, 507, 508, 511, 519, 529,
539, 548, 559, 564, 569, 579, 574,
578, 594, 598, 600, 609, 607, 608,
609, 611, 618, 619, 620, 622, 626,
627, 090, 692, 642, 645, 646, 647,
650, 651, 657, 662, 666, 667, 670,
675, 684, 686, 689, 694, 695, 697,
mmmmmmffl
728, 791, 735, 737, 744, 746, 751,
mfflmmmmw
777, 792, 802, 805, 814, 815, 821,
823, 826, 833, 834, 835, 896, 837,
840, 841, 842, 847, 848, 852, 853,
854, 861, 867, 868, 871, 873, 877,
879, 880, 886, 887, 890, 892, 896,
899, Π, 906, 910, 917, 936, 938,
940, 947, 961, 967, 968, 979, 985,
mfflwwwmm
1032, 1034, 1035, 1049, 1050,
1661, 1666, 1666, 1666, 1661
1072, 1078, 1089, 1096, 1104,
mmmwmmm
mmmmmffiffl
1175, 1178, 1190, 1192, 1207,
Μ66Μ66Μ
1293, 1235, 1274, 1289, 1285,
Μ66Μ66Μ
mmmfflfflmffl
1328, 1930, 1350, 1952, 1365,
1371, 1372, 1378, 1376, 1384,
1385, 1988, 1389, 1391, 1392,
1404, 1405, 1428, 1458, 1464,
msswffimwm
1626, 1630, 1632, 1639, 1635,

 

