archipresbyter 1, 6, 10, 18, 66, 863,
ΙΙ, 1073, ΙΠ, 1938.

aree1,1‚158, 168, 184, 186, 191,
227, 240, 380.

eren 11, 1098.

argentum (a. auch Stlber) I, 178, 212,
347, 349, 397, 414, 789, 867, 889,
ΙΙ, 903, 937, 949, 1119,ΙΠ,1846.

arm, der -— 11, 1420.

arms 11, 1366, ΙΠ, 9141.

Armenes (armet) Ι, 637, Π, 1781
2143.

Arme 1, 766, 868, Π, 1036, ΠΙ,
2299.

armeleute Ι, 631, 786, 820, 898, ΙΙ,
1103, 1131, 1132, 1300, 1330,
1438, 1469, 1628, 1648, 1660,
1663, 1680, 1681, 1690, 1691,
1693, 1698, 1608, 1609, 1611,
1617, 1619, 1626, 1636, 1678,
1687, 1696, 1723, ΙΠ, 1973,
2013, 2027, 9161.

armentum 11, 1264.

Amenspemq Ι, 260,

armiger 1, 397, 796, 886, ΙΙ, 960,
1014, 1064, 1068, 1102, 1146,
1169, 1234, 1411, ΠΙ, 1893,
9141.

- equester 111, 2141.

armuet (Amne) 11, 1469, 1486, 1693,
1611, 1638, 1663, 1666, 1674,
1684, 1687, 1697, 1703.

arreetsre 11, 1906.

articulus (Arttkel) Ι, 66, 183, 204,
279, 738, Π, 979, 1101, 1112,
1174, 1190, 1234, 1278, 1281,
1986, 1998, 1317, 1331, 1347,
1466, 1640, 1666, 1630, ΙΙΙ,
1737, 1739, 1760, 1889, 1921,
1967, 1968, 1988, 2009, 2007,
2062, 2078, 9093, 2141, 2224,
2273.

erx ΠΙ, 914.

Armet (erenei) III, 9099, 2069, 9104.

Aerzte 111, 1967.

aseensus Ι, 64, 66, 131, 161, 920,
296, 679, 813, Π, 908, 942, 1397,
ΠΙ, 2224.

769

assessor Ι, 846.

assignare Ι, 996, 336, 379, 389, 408,
447, 718, 807, 886, 889, ΙΙ, 937,
942, 1040, 1094, 1102, 1119,
1231, ΠΙ, 1843, 1948, 1969, 2024,
2028.

attestatio Ι, 60, 116.

attinentiae 1, 84, 126, 164, 168, 166,
179, 184, 416, 637, 648.

Au (augia, ew) Ι, 600, Π, 1161, 1419,
1420, ΙΙΙ, 1839.

aucteritas 1, 9, 11, 16, 34, 36, 69,
83, 103, 113, 116,117, 196128,

· 908, 913, 220, 223, 236, 389, 397,
408, 447, 779, 807, 882, Π, 918,
919, 920, 991, 987, 1206, 1366,
1497, ΙΙΙ, 1737, 1969, 1986,
2183.

- 666616Ιὶ661, 19, 16, 110,114,117,
131, 136, 161, 679, 720, 749, 766,
782, 796, 798, 819, 813, 867, 868,
869, 868, 869, ΙΙ, 903, 919, 921,
999, 942, 1040, 1109, 1379,1381,
1397, 1466, 1639, ΠΙ, 1824,
1967, 2171, 2178, 2200, 2277.

- canonice Ι, 6, 10, 96.

- 6661661666661, 6, 10, 11, 14, 27.

- episcopalis Ι, 36.

—imperialis Ι, 377, 679, ΙΙ, 907,
ΙΠ, 1893, 1932, 1984, 9028.

- iudiciaria 1, 108.

audientia Ι, 110, 677.

ausbatren (aufparen) Π, 1187.

eufbauen Π, 1301, ΙΠ, 1826.

4616666666 Ι, 437, 439, 671.

austrechen Π, 1298.

austn'nqen (urspringen) Π, 1631, ΠΙ,
1944.

aufempfangen (eufemphehen) Ι, 899,
Π, 1431, 1440, 1441, 14421463,
1468, 1609, 1610, 1722, ΙΠ,
1816, 1820, 1891, 1829, 1828,
1831, 1846, 1848, 1864, 1868,
1860, 1868, 1908, 1931, 2003,
2006, 2017, 2018, 2022, 2093,
2096, 2032, 2033, 2043, 2049,
9069, 2067, 2068, 2077, 2080,
9082, 2083, 2089, 9099, 9101,

 

