tumulus 1, 5,11, 14, 31, ΠΙ, 1857.
turris (6. auch 3716161) 1, 347.
666111, 12, 1441, 161, 184, 161.
tutor (661166 16166611) Ι, 160, 373.
16611666 1, 761.

U.

116661Π,374.

uberainpringon 11, 1398.

656661661161 11, 1191, 1470, 15141
ΠΙ, 1736.

6661666666 ΠΙ, 1961.

Uehereinkmnmen 1, 133, 116, 343,
741, 766, ΙΙ, 968, 1343, 1368, ΠΙ,
1813.

1166116166 (6661111166) ΙΙΙ, 1781, 3053.

66611111, 394.

6661116161 1, 530, 534, 863, Π, 914,
1116, 1161, 1114, 1373, 1331,
1386, 1338.

1166616656 (1166136666) 1, 334, 353,
376, 377, 383, 399, 310, 337,
333, 340, 316, 336, 333, 400,
413, 433, 431, 459, 463, 468,
636, 633, 669, 679, 533, 619,
634, 631, 663, 700, 701, 706,
735, 769, 763, 737, 796, 310,
837, 868, 11, 909, 933, 934, 944,
1009, 1017, 1033, 1114, 1135,
1137, 1191, 1193, 1303, 1343,
1347, 1363, 1363, 1301, 1313,
1334, 1363, 1373, 1386, 1413,
1430, 1436, 1448, 1166, 1614,
1641, 1637, 1696, 1603, 1666,
1693, 1710, ΠΙ, 1739, 1743,
1753, 1839, 1353, 1360, 1939,
1966, 3037, 3030, 3059, 3173.

11666196111Π, 3031.

1569161661, 844, 11, 1112.

6661611666 I, 711.

1156116666 Ι, 363, 613, 664.

1166116566 Ι, 673.

6666116611, 440.

666116666611, 1038.

ubet-sagon 11, 1048.

6661116311, 374, Π, 1138, 1303.

1165666166 11, 1139.

839

666166666111, 1913.

6661166616631, 536, Π, 1019, 1336,
1333, 1363, 1307, ΙΙΙ, 3039.

1156166166 ΠΙ, 1931.

11656166116611669 ΙΙ, 1334.

6661116166 Ι, 331, 693.

6661666166 Ι, 533.

6661116666 ΙΙ, 1666, 1684.

1165616161 1, 636, 163, Π, 1019,
1069.

6166111611 Ι, 515, II, 974,1113, 1310,
1346, 1374, 1430, ΠΙ, 3161.

6163111166 11, 1336.

1116661166 (6166161666) Ι, 416, 433,
466, Π, 1171, 1379, 13861301,
1684, 1633.

6161116666 Ι, 733, 893, Π, 1385, ΠΙ,
1731, 3069, 3317.

1116166πά1669 Ι, 355.

66661666666161661, 734.

66666611 Π, 1398.

1161616166 ΙΙ, 1496.

6611616161 1, 790.

6666661166 (6666161666) Ι, 768, 330,
898, 399, Π, 1089, 1103, 1139,
1309, 1343, ΠΙ, 1743, 1131.

661161 Ι, 790.

661661Π, 1330, ΙΙΙ, 1731.

6611316166 l, 686, 11, 1063, 1410.

ungedroschen 1, 399.

ungeerigert 11, 910, 1174.

Unyehomm 11,1128‚ 1331, 1408, ΠΙ,
1917, 1931, 3063, 3180, 3181.

ungelt Ι, 364, 465, 513, 659, 673,
703, 11, 1374, 1607, ΙΠ, 3033.

66661161 Ι, 734, ΙΠ, 3098.

66366611 I, 536, 833.

6636666366 Π, 1337, 1493.

6666616666 Ι, 790,

ungevogt 111, 3005.

6666111161 Ι, 334, Π,1439, 1530, HL
17481969, 1963, 1964.

6616 (unire) 1, 379, 347, 349, 639,
783, 796, 798, 357, 869, Π, 903,
913, 943, ΙΠ, 1763.

unklaghaft 11, 974, 1488.

aalma 1, 161, 616, 11, 2104, 2270,
2211.

 

