766

1860, 1861, 1868, 1870, 1918,
1939, 1954, 1955, 1970, 1977,
1978, 1982, 1986, 1989, 1990,
1992, 1993, 1995, 2008, 2017,
2022, 2024, 2043, 2046, 2052,
2077, 2080, 2082, 2083, 2085,
2086, 2090, 2108, 2110, 2113,
2114, 2115, 2116, 2147, 2158,
2165, 2174, 2175, 2176, 2185,
2196, 2206, 2208, 2213, 2217,
2225, 2230, 2263.

Biivycrin 1, 698, Π, 1098.

Biiryemwiaier I, 297, 348, 451, 595,
632, Π, 970, 1271, 1495, 1499,
1628, ΙΙΙ, 1748, 1870, 1970,1992,
2011, 2012, 2084, 2086, 2090,
2096.

Β11198118518111181, 348, 387, 435.

8159811858 Ι, 663, 759, 763, 768,
862, ΙΙ, 1013, 1017,1019,1139,
1249.

8159185811 Ι, 211, 440, 517, 702, 748,
Π, 938.

buralag (bwralag) I, 733.

nme 1, 898, 11, 986, 19981118,
1448, ΙΙΙ, 1769, 1939.

6611811 (81181888) Ι, 584, Π, 1071,
111, 9891.

8111188116 ΙΙΙ, 1885, 2173.

88118 ΙΙ, 1121, 1317, ΠΙ, 1838.

6.

8818811τί88 ΙΠ, 1893.

calceamentum ΠΙ, 2171.

88188881, 185, ΠΙ, 2206.

8818111811 ΙΠ, 2203.

88111 (1. anch Kcich) 1, 209, 860,
888, 11, 1191, 1981.

calumnia (calumpnia) I, 83, 110, 126,
130, 154, 160, 172, 173, 176, 200,
222.

cambium 111, 2216.

camara 1, 380, ΙΙ, 932, 1152, 1231,

111, 9188, 9111, 9181, 9988, 9988,

2207, 2230.
camerarius (chamrcr, 1. nacla Keim-
merer) I, 5, 10, 18, 26, 73, 102,

103, 132, 152155, 174, 206, 221,
253, 262, 263, 265, 273, 275, 276,
277, 280, 347, 349, 380, 396, 807,
Π, 1163, 1165, 1167, ΠΙ, 2136,
2185, 2227.

campana I, 258, 260, 397, Π, 1245,
ΙΠ, 2235.

campnaI, 1, 228, 416, ΙΠ, 2280.

canapis I, 885, ΠΙ, 2128.

cancellaria (1. aucit 11889186 11, 1163,
1234.

cancellarius (1. auch 1111111111) Ι, 1,
2, 18, 34, 152, Π, 1057, 1094,
ΠΙ, 1768, 1932, 1947, 2097, 2098,
2189.

candala (1. 81185 Korne) 1, 718, Π,
1400, 1422, 2206.

08818111, 643.

8811811 Ι, 219, 220, 655, Π, 1206.

canonicatus Ι, 720, 889, II, 1281.

88888188 (8811881185) Ι, 12, 16, 34,
52, 83, 643, 677, 858, 859, 863,
869, 11, 908, 912, 919, 942, 1197,
1382, 1406, ΠΙ, 2197.

canonicus I, 53, 72, 103, 104, 105,
133, 137, 163167, 171, 185, 200,
296, 352, 355, 413, 677, 794, 796,
798, Π, 903, 932, 960, 965, 1049,
1064, 1065, 1069, 1070, 1094,
1096, 1119, 1159, 1197, 1234,
1264, 1329, 1575, ΙΠ, 1741,
1932, 1938, 1947, 1966, 1969,
1994, 2028, 2057, 2183, 2185,
2189.

08881111 (θ581511181171781111) ΠΙ, 1895.

0888858158 ΙΙ, 1701.

canonizare ΠΙ, 2203.

cantara 11, 937.

cantor 1, 106, 108, 109, 150, 195,
201, 221, 232, 279, 351, 620, 655,
677, 739, Π. 1109, 1163.

0811181815 739.

capella (1. anch Kapelie) Ι, 5, 10, 11,
26, 27, 78, 84, 113,114, 114, 132,
142, 203, 355, 380, 382, 677, 807,
822, Π, 908, 1057, 1069, 1102,
1245, 1258, 1382, 1427, 1535,
1715, ΠΙ, 1934, 2178, 2208.

 

