1917, 1924, 1926, 1986, 1988,
2097, 2074, 2149, 2225, 2266.

7666661666 Π, 1116.

7616669669 Ι, 261.

1616666661, 280, 286, 942, 948, 981,
687, 994, 496, 441, 446, 478,
619, 611, 696, 710, 744, 768,
II, 998, 1066, 1109, 1192, 1229,
1241, 1244, 1252, 1901, 1902,
1950, 1979, 1546, ΙΠ, 1764,
1798, 2062.

versam Ι, 291, 298, 967, 978, 610,
616, 618, 528, 696, 569, 665,
679, 647, 656, 669, 674, 689,
697, 698, 709, 766, 768, 826,
Π, 994, 1019, 1061, 1071, 1199,
1208, 1226, 1228, 1859, 1447,
1618, ΠΙ, 1799.

1616661611 Ι, 515, 686.

veram-en 111, 2149.

161661116ηᾶ 6616166111 Ι, 299, 919,
957, 978, 404, 466, 469, 475,
610, 596, 659, 579, 575, 647,
666, 689, 694, 897, 709, 788,
891, Π, 910, 984, 1061.

17611169 Ι, 46, 63, 69, 70, 74, 101,
199, 214, 246, 299, 620, 624, Π,
1098, 1122, 1661, ΠΙ, 1887,
1957, 2201.

1611111666 66111 11, 1190, 1247, 1941,
1481, 1628, 1650, 1670, 1690,
1591, 1607, 1626, 1628, 1691,
1686, 1676, 1689, 1689, Π, 1979,
1984.

7611166611, 541, 662, 689, ΙΙ, 1700,
ΠΙ, 2179, 2209.

vencrtheilen 1, 889, Π, 1087.

1611661166 Ι, 541.

venumdata 1, 486, 619, 651, 669,
888.

761166ηά16 Ι, 761.

6611666611 1,,881, 850, ΙΙΙ, 1806.

7611661611, 579, 711, 759, 759, 829,
848, Π, 915, 944, 979, 1018,
1101, 1106, 1990, 1419, 1499,
1588, ΙΠ, 1970, 2086, 2186,

7611666619 11, 1976, 1699.

ommim 111, 191⁷.

835

161661161166 (s. auch 16111611οῇ66) Ι,

458, 641, 898, 899.

6611611161 ΙΙ, 1588.

6616616661 (1616113611) Ι, 954, 641,
682, 887, 772, 785, 790, ΙΙ, 915,
9461191, 11921199, 1190, 1216,
1279, 1907, 1466, 1467, 1486,
1499, 1499, 1525, 1528, 1640,
1646, 1565, 1562, 1602, 1807,
1624, 1626, 1629, 1881, 1698,
1695, 1642, 1851, 1688, 1672,
1616, 1616, 1666, 1661, 1666,
1812, 1862, 1864, 1869, 1881,
1884, 1885, 1887, 1901, 1907,
1912, 1917, 1986, 1948, 2065,
2182.

1611161166, an 61166 - Ι, 666, 791,
849, Π, 1968.

1611161166 (deqmmrbeit) 111671.

11666111, 81, 109, 104,188, 154, 159,
191, 206, 209, 299, 249, 250,
268, 278, 284, 900, 809, 808,
987, 425, 458, 486, 592, 647,
689, 628, 626, 676, 691, 695,
741, 799, 809, 827, 829, 886,
869, 861, 876, Π, 902, 946,
947, 981, 982, 988, 992, 997,
1098, 1122, 1128, 1140, 1205,
1229, 1282, 1298, 1248, 1268,
1290, 1949, 1857, 1408, 1647,
1586, 1695, 1601, 1648, 1712,
ΠΙ, 1747, 1799, 1818, 1865, 2107,
2110.

vesper 1, 258, 260, 947, 849, 997,
677, 681, 711, 817, 820, 866,
886, 891, 11, 960, 967, 1014,
1089, 1041, 1044, 1046, 1082,
1069, 1068, 1089, 1128, 1160,
1151, 1170, 1219, 1214, 1224,
1406, ΙΠ, 1741, 1899, 1840,
1841.

166666 1, 468, 468.

vestimentum Ι, 997.

166116Ι, 268, 847, 849, 996, 860,
11, 1166, 111, 6111, 1111, 1666,

116 Ι, 5, 11, 27, 88, 259, Π, 1070,
1168, ΠΙ, 1989, 2141.

-11166111111161,1,2,18,

68*

 

