praesentia (presentia) Ι, 9, 10, 11,
32, 41, 62, 64, 107, 109, 130,
134, 166, 200, 212, 219, 222,
369, 382, 677, 7971 ΙΙ, 907, 908,
1337.

praesui (presul) 1, 8.

1111111111 Ι, 8301 ΙΙ, 1106,1184,11301
ΠΙ, 2069, 2104.

prandium 1, 7391 ΙΙΙ, 2236.

Proopor III, 2273,

pratum (1. auch Wiere) 1, 1, 18, 26,
102, 111, 166, 223, 296, 377,
603, 643, 813, 8861 Π, 1197,
1366,1483.

prebendarius 11, 1014.

preoee 1, 34, 714, 8121 Π, 1266.

- primariae 11, 13291111, 2096.

preoo 1, 67, 208, 236, 408.

predecessori, 10, 26, 62, 66, 126,
164, 161, 173, 174, 177, 221,
223, 268, 347, 349, 380, 396,
672, 673, 679, 718, 749, 766,
807, 812, 868, 8691 ΙΙ, 903, 908,
942, 1040, 1119, 13621 ΠΙ, 1768,
1968, 2178, 2183.

prodigatil ΙΙ, 916.

Ρ1111111. Ι, 631111, 1132, 1161.

preiudicium 1, 60, 83, 92, 101,116,
163, 718, 720, 782, 867, 8891
ΙΙ, 937, 1040, 1119, 1206,12311
ΙΠ, 1932, 1947, 2163, 2166,
2191.

prerogativa 1, 62, 67.

presbyter, 1. sacerdos.

Preore Ι, 466, 7721 ΙΙ, 946, 994,
1133, 1280, 1317,16371 111, 1806,
19781986.

preurbium 111, 1994.

prevaricator 1, 10.

Prie-oter, o. sacerdos.

Prierterachafi Π, 1364.

primitiae 1, 860, 886111, 1197.

primogenitus 1, 714.

princepe 1, 8, 12, 16, 18, 34, 82,
124, 161, 161, 164, 223, 679,
714, 718, 812, 846, 8461 111206,
12631 ΙΙΙ, 1693, 1932, 1947,
2186, 2236.

815

prior 1, 20, 66, 91, 93, 130, 138,
166, 179, 186, 187, 196, 201,
232, 236, 237, 243, 266, 268,
280, 308, 310, 347, 349, 396,
413, 447, 620, 666, 672, 673,
677, 714, 773, 807, 816, 8171
Π, 963, 974, 1074, 1077, 1099,
1111, 1118, 1111, 1113, 1111,
1269, 1326, 1369, 1427, 1449,
1649, 1728, 17311 ΠΙ, 1761,
1762, 1763, 1766, 1767, 1766,
1772, 1774, 1776, 1794, 1808,
1809, 1610, 1817, 1827, 1644,
1862, 1877, 1882, 1890, 1909,
1938, 1949, 1960, 1966, 1973,
2026, 2029, 2066, 2084, 2112,
2118, 2148, 2149, 2168, 2167,
2168, 2174, 2210, 2216, 2218,
2219, 2236, 2242, 2244, 2249.

prioratus Ι, 241 Π, 942.

priorissa 1, 779, 794, 7971 ΙΙ, 1036,
13791 ΙΠ, 1960, 1968, 2140,

privatio III, 1969.

privet 1, 730.

privilegium 1, 12, 16, 68, 64, 66,
66, 76, 89, 103, 149, 164, 161,
194, 236, 302, 408, 677, 679,
782, 812, 6671 Π, 912, 942,
1269, 1382, 1482, 1489, 16741
111, 1764, 1768, 1847, 1866,
1876, 1932, 1947, 1986, 2021,
2046, 2097, 2099, 2137, 2236.

proceriore Ι, 109, 110, 113, 116, 123,
212, 720, 846, 867, 868, 869,
886, 8911 ΙΙ, 903, 037, 1119,
1169, 1206, 13821 ΠΙ, 1932,
1986, 2176, 2182, 2163, 2186,
2216.

Procae 1, 363, 774, 782, 797, 868,
869, 863, 8311 Π, 922, 939,
940, 942, 960, 987, 1016, 1018,
1020, 1033, 1037, 1039, 1041,
1042, 1043, 1044, 1049, 1060,
1063, 1064, 1068, 1069, 1119,
1213, 1231, 1382, 1406, 16601
ΠΙ, 1764, 1932, 1967, 1986,
2028, 2123, 2146, 2178, 2182,
2186, 2192, 2208, 2227,

 

