culti et inculti Ι, 5, 11, 14, 27,
158.
cultis ot incultis Ι, 18, 26, 72.
cultis et postmodum colendis σο.
villis 1, 6, 27.
cultum et incultum I, 5, 9, 10,11,
18, 26.
4111111141314.
cultus 1, 223, 372, 380, 382, 672,
673, 718, 807, Π, 1231, 1323,
1400, 1422, 1715, ΠΙ, 1947.
cura 1, 92, 372, 624, 671, 720, 779,
858, 859, Π, 912, 918, 919, 920,
1040, 1119,1366,1427, ΙΠ, 1969,
2020.
curia I, 00, 102, 116126, 147, 151,
166, 160, 164, 165, 188, 171, 227,
240, 269, 271, 380, 416, 447, 603,
643, 665, 677, 718, 773, 796, 793,
846, 868, 859, 863, 866, 885, Π,
918, 919, 920, 939, 942, 959, 960,
1015, 1020, 1033, 1087, 1042,
1047, 1057, 1068, 1069, 1070,
1094, 1095, 1096, 1119, 1128,
1145, 1245, 1266, 1329, 1335,
1406, 1427, 1437, ΙΠ, 1743,
1947, 2028, 2057, 2136, 2141,
2171, 2182, 2189, 2197, 2200,
2227, 2230.

6111111116. auch Waqen) 1, 773.
curtalo I, 6, 10, 18, 26, 163.

curtile 1. 66, 718.

curtis Ι, 6, 11, 27, 168.

custodia (ε. auch guntrey) I, 150, Π,

1449, ΙΙΙ, 2207, 2277.

custos ·1, 61, 109, 162, 168, 186, 279,
851, 372, 413, 807, Π, 1119, ΙΙΙ,
2227.

- ecclesiae l, 28.

Ι).

Dach 11, 1133, 1190.

damnum (dampnum) Ι, 57, 123, 161,
130, 164, 208, 235, 408, 773, 798,
Π, 907, 922, 1206, 1234, 1463,
ΙΠ,1909,1932.

dapifer Ι, 50, 63, 72, 103, 110, 148,
149, 161, 152, 166, 174, 341.

771

darlegen (darlegung) ΙΙ, 1628, 1666,
1384,1697,1723, ΙΠ, 1973, 1988,
2007, 2062.

Βανὶεὶιαι Ι, 63, 434, ΙΙ, 1332, 1513,
1686, ΙΠ,1740,1917, 1991, 2001,
2039, 2061, 2066, 2174, 2263.

datarius ΠΙ, 2186.

daumele 1, 756, 11, 1091.

deauraeio 1, 114.

debitor I, 64, 35, 126, 372, 885.

debitum 1, 04, 82, 125, 172,174, 178,
212, 599, 610, 673, 845, 868, 859,
ΙΙ, 903, 932, ΠΙ, 1737, 1763, 1898,
1986, 2197, 2214.

Decanac (decanatus, techney, De·
chami) 1, 843, 846, 11, 1096,
ΠΙ, 1968.

(1461111161, 268.

decanus (Dochoent) 1, 52, 56, 84, 88,
100, 108, 100, 110, 113, 111, 110,
110, 117, 126, 126,137,146,150,
162, 163, 171, 193, 195, 200, 203,
279, 282, 351, 355, 371, 377, 398,
436, 437, 516, 527, 560, 561, 562,
563, 589, 619, 641, 718, 720, 816,
617, 845, 889, Π, 931, 938, 960,
991, 1020, 1037, 1040, 1032,
1069, 1089, 1119, 1123, 1134,
1169, 1234, 1268, 1316, 1364,
1429, 1439, 1465, 1500, 1665,
1574, 1630, 1642, 1672, 1731,
ΠΙ, 1737, 1749, 1785, 17861801,
1802, 1803, 1833, 1861, 1910,
1911, 1931, 1932, 1934, 1949,
1961, 1952, 1963, 1956, 1960,
1968, 1974, 1973, 1977, 1985,
1994, 2028, 2042, 2084, 2183,
2186, 2186, 2218, 2227, 2260,

decernere Ι, 447, 718, 779, 857, 858,
859, 889, Π, 903, 908, 912, 918,
919, 920, 937, 942, 948, 1006,
1169, 1213, 1234, ΠΙ, 1893, 1994.

decima (1. auch Zehent) Ι, 5, 36, 52,
63, 56, 69, 70, 72, 92, 105, 126,
126, 165, 162, 163, 137,169,186,
200, 201, 202, 221, 222, 223, 377,
603, 606, 507, 543, 602, 648, 720,
773, 807, 813, 860, 869, 886, Π,

49*

 

