Spitslmss'ster I, 704, 734, Π, 1013,
1304, ΙΙΙ, 2217.

Spitalstt'flunq 1, 243.

1111111111, 114.

spolium ΠΙ, 2158.

sponsiol, 50.

1111111, 1274, ΙΙΙ, 2151, 2265.

8111111111, 514.

81111115 I, 504, 514, 656, 698, 757,
897, Π, 909, 982, 1033, 1073,
1408, 1481,1499, 1526,1579, 1590,
1603, 1607, 1630, 1672,1678,1698;
ΙΠ, 1739, 17931921, 2002, 2007,
2177, 2272, 2273.

&mettense (s. 111111 Scinasium> Ι,
635.

spurius 111, 1893.

11151111, 1083.

stabilire Ι, 5, 10, 18.

stabilis, - st inconvulssl, 1, 2, 36.

1111111 Ι, 334, 11, 1091, 1133, 1190,
1285.

stadt (1111, 11111) Ι, 205, 319, 320, 367,
373, 376, 381, 698, 721, 751, 759,
768, 790, 840, 847, Π, 973, 984,
994,1079, 1103, 1136, 1298, 1425,
1433, 1447, 1450‚1495, 1521,1522,
1642, 1684,1702, 1718, 1797,1818,
1387, 1907,1921,1922, 1943, 1957,
1975, 1976, 1977,1983, 1987,1992,
2095, 2096, 2159.

1111111111, 768, Π, 1139, ΙΙΙ, 2116,
2150, 2155.

8111111119 (11111111) Π, 1392.

stagnum I, 860.

8111111119 Π, 1151, 1190, 1285, 1305,
1634.

81111111 (Hols) I, 582.

81511111 Π, 1450, 1523, 1565.

1111115111 Ι, 584.

111111, 433, 452, 457, ΙΙ, 12821295.

1115111, 744.

sussen 11, 111, 1111, 1111, 1111,
1840.

111, 1111, 11, 1111, 1111, 111, 1111,
2012.

Suis (111111) Ι, 359, 757, Π, 1091,
111, 1111.

&dumos H, 1470.

sterilitas 1, 149.

ststigung 1, 181, 404, 405.

sim (111111) 1, 111, 111, 111, 111,
234, 264, 359, 378, 415, 465,
466, 483, 517, 518, 538, 559,
645, 666, 703, 710, 716, 867,
899, ΙΙ, 915, 1029, 1103, 1136,
1172, 1173, 1181, 1183, 1185,
1190, 1196, 1222, 1352, 1581,
1609, 1623, 1626, 1629, 1632,
1642, 1648, 1651, 1659, 1667,
1673, 1674, 1684, 1687, 1723,
ΙΠ, 1742, 1754, 1872, 1906,1970,
1979, 2154, 2163, 2210, 2211.

steusrsrei 11, 1324.

11111111 11, 1123, 1500, ΙΠ, 1805.

8111111111 (1111115111) 1, 367.

1111111111111.

Stister 111111 815111· l, 285, 359, 458,
466, 469, 483, 531, 538, 559,
636, 638, 663, 666, 703, 778,
785, 820, 841, 868, Π, 966.

8111151111 Π, 1944.

8111111111 1, 25.

stilus Ι, 223.

stipulatio 1, 655, 677, ΙΙΙ, 2028.

stipendium Ι, 52, ΠΙ, 2158.

8111155151 ΙΠ, 2244.

1111111Π,1246.

1111111, 1347, ΠΙ, 2211.

11111 1, 575, 589, 729, 734, 757,
766, ΙΙ, 974, 1036, 1052, 1112,
1210, 1298, 1347, 1420, 1475,
ΙΠ, 1921.

strsiehpfsnnigs 1, 460.

111111 (Stratos) 11, 1224, 1355,1371,
1603, ΙΠ, 2151.

811111 Ι, 55, 64, 65, 67, 76, 77, 85,
86, 88, 94, 136, 137, 188, 245,
303, 343, 412, 422, 560, 561,
562, 563, 590, 654, 681, 758,
799, 804, 840, Π, 909, 950, 964,
967, 986, 10761096, 1145, 1152,
1234, 1235, 1236, 1237, 1260,
1267, 1273, 1297, 1370, 1419,
1421, 1484, 1486, 1597, 1605,
1610, 1616, 16191731, ΙΠ, 1735,

 

