768

censura ecclesiactica 1, 106, 110, 150,
718, 720, Π, 937, 948, 1006, 1206,
1382, 1397, 1407, ΠΙ,1967, 1994,
2119, 2120, 2121, 2122, 2129,
2160, 2183, 2185.

555551 (5. 55511 Ziar) Ι, 158, 259,
368, 422, 429, 436, 677, 860, 885,
Π, 1197, 1264, ΙΙΙ, 1737, 1969.

- 1155115111, 134.

- de publica 111 Ι, 5, 10, 18, 26,
32.

55111, 203, 672, 673, 718, 11, 1400,
1422.

ceremonia (0515115515) ΙΙΙ, 2243.

cerevisia, r. Ber.

cereuo Ι, 718.

5511515 Π, 948, 1006.

5551551, r. Koloe.

cherung 11, 1487, 1492.

chirotheca ΠΙ, 2206, 2235.

5555551, r. Kaeclri.

chrichpaum Ι, 757.

5555 Ι, 315.

555515515 ΠΙ, 1832, 2025, 2175, 2176,
2225.

ohonwirt Π, 1013.

01151(5551111) Ι, 52, 56, 258, 347,
349, 396, 706, ΙΙ, 1245, 1422,
ΙΙΙ, 1932, 1934,1947,1957, 2028,
2141, 2229, 2232, 2235.

-, 1151151 ΙΙ, 1138.

chorbrueder 111, 1975, 1977.

olorum 1, 361, 697, 759, 819, 848,
Π, 938, 1013, 1139, 1211, 1246,
1347, ΙΠ, 1785, 1832, 1957, 2218.

0155155555 ΙΠ, 2031.

oroma 111, 2217.

55111515, r. 51151115.

0115111551 ΙΠ, 2151.

55511151551Π, 1781.

cimiterium Π, 1306, 1245, 1400, 1535,
ΙΠ, 2203.

cingulum, cingulo 1155155151 Ι, 57,
103, 208, 295, 408.

51155511555155 Ι, 84, 109, 258.

citare (51115155)1, 109, 110, 113,114,
193, 150, 633, 885, Π,950,1015,
1016, 1018, 1021, 1633, 1037,

1555, 1551, 111, 1155, 1151,
1151, 1155, 1155, 1151, areo,
1115.

citatio (61151151) 1, 109, 114, 11, 1020,

1033, 1039, 1041, 1049, 1206,
ΠΙ, 2125, 2136, 2182, 2186, 2191,
2197, 2206, 2208.

civitae 1, 41, 151, 152, 163,164, 171,
212, 235, 398, 408, 720, 863, 885,
Π, 948, 1006, 1033, 1039, 1042,
1044, 1206, 1231, 1406, ΙΠ,
1815, 1826, 1847, 1932, 1934,
1994, 2021, 2028, 2099, 2182,
2183, 2208, 2230, 2268.

claustrum 1, 109, 755.

- fratrum 1, 30.

5155111111, 794.

5151511, 53, 143, 144, ΠΙ, 1866.

51511551 Ι, 52, 92, 93, 260, 296, 341,
377, 524, 677, 685, 730, 739, 796,
798, 845, 862, 885, 891, Π. 906,
907, 939, 942, 950, 965, 967,
1006, 1014, 1016, 1020, 1021,
1033, 1037, 1039, 1042, 1044,
1646, 1049, 1057, 1062, 1069,
1094, 1095, 1119, 1145, 1150,
1152, 1159, 1167, 1169, 1170,
1179, 1206, 1219, 1234, 1266,
1289, 1323, 1329, 1353, 1982,
14061444, 1476, ΠΙ, 1738, 1753,
1756, 1757, 1772, 1774, 1808,
1810, 1827, 1896, 1934, 1947,
1950, 2014, 2020, 2028, 2112,
2119, 2120, 2121, 2122, 2129,
2126, 2127, 2128, 2136, 2160,
1115, 1151, 1155, 1151, 1155,
2199, 2206, 2207, 2208, 2218,
2224, 2229.

- 5155515111 Ι, 12, 16, 34, 681, 720,
Π, 1700.

cliens 1, 72, 176, 885.

cloaca ΠΙ, 2230.

coarbitrare 1, 84.

555115 (1. mci 11551611, 1163.
Occiae 1, 316.

5551511151111, 1894.
5555151151 Ι, 191.

 

