mmwmmmm
mfflmmmmm
mmemffiw
mwmmmmm
mmmmmmm
QWMMWMQ
mwmfflfflmffi
mmmmmmm
mmmmmwm
lfflmwfflfflwffl
Qmwfflmwm
fflmwmmmm
ffifflwmfflwm
wfflwmfflwffi
mmmmmwm
mmwfflmwm
mmwmmmm
1161, 1666, 6611, roco, 1661,

ΜΜΜΜΝΗΜ
ΜΜΜΜ66Μ
mmmmmmm
mmmm

parrochialis (16611111, Pfarrla‘rrhe,

pharkirichcn) Ι, 993, 300, 396, 389,
341, 344, 360, 368, 380, 671, 673,
618, 617, 643, 666, 677, 718, 791,
731, 769, 763, 773, 789, 786, 796,
mmmmmmm
868, 869, 899, Π, 903, 007, 909,
919, 939, 937, 949, 948, 964, 960,
967, 979, 991, 1014, 1016, 1091,
1040, 1068, 1069, 1070, 1094,
1096, 1101, 1109, 1119, 1199,
1181, 1139, 1161, 1169, 1166,
1169, 1109, 1197, 1967, 1966,
1973, 1346, 1366, 1886, 1890,
fflmwmmwm
mmmmfflmm
1749, 1766, 1768, 1787, 1868,
1888, 1896, 1969, 1974, 1986,
9048, 9067, 9101, 9116, 9136,
9161, 9167, 9199, 9903, 9906,
mmmm

parrochianus Ι, 63, 87.

participium 1, 968, 847, 349, 896.

partus Ι, 740.

pascua (a. 6666 9711111) Ι, 1, 18, 96,
168, 673, 813, 360, 886, Π, 1197.

811

pastor Ι, 868, 869, ΙΠ, 1968.

,1111611,39.

patrocinium Ι, 181, 136, 161, 177,
679, 819, ΙΙ, 903, 1636.

Patron (6611611111) 1, 84, 167, 176,
996, 968, 960, 986, 368, 373, 397,
468, 718, 736, 789, ΙΙ, 903, 1096,
1169, 1946, 1400, ΠΙ, 1986, 9178,
9908, 9994.

Ρ6166661111161 Ι, 61, 73, 84, 136, 163,
916, 368, 379, 889, 714, 718, 798,
867, ΙΙ, 991, 1109, 1146, 1169,
1393, ΙΙΙ, 9064.

pauper Ι, 968, 347, 349, 886, 689,
679, 789, ΠΙ, 903, 949.

paupertas (a. 611611 Armati) 1, 673.

paw (a. 6666 Bau) Ι, 466, 689, 697,
779, 11, 946, 1190, 1468.

pawarbait 11, 1470.

pawmann (1. arach 3661661111) 1, 646.

pazaaw Ι, 890.

pecunia (1. auch 01111) Ι, 33, 83,1·25,
133, 160, 971, 974, 679, 673, 807,
860, 886, Π, 907, 1006, 1197,
1931, 1984, 1364, ΠΙ,1737, 1893,
9136, 9141, 9168, 9171, 9189,
9906, 9906, 9908.

Ρ111Ι, 318, 819, 399, 376, Π, 1493.

pon (1. 6111666161) 11, 10891161,
1946, 1978, 1998, 1679, 1679,
ΠΙ, 1739, 1819, 1967, 1961,1969,
9007, 9917.

poncio Ι, 69, 63, 69, 70, 73, 89, 84,
308, 11, 948, 993, ΙΠ, 1783, 9136.

penuria 11, 903, 949.

peremptorie Ι, 109.

,1111116161 Ι, 30.

,1111611661 ΙΙ, 1366.

Perle III, 9031.

Pcrlamchild (perloiuachiit) 111, 9031.

,1116111116 Ι, 67, 908, 936, 408.

permutatio Ι, 8, 194, 314, ΙΙ, 1070,
1169.

pernoctatio Ι, 198.

,16116111(Ρ11·1611)Ι,9, 118, 140, 161,
164, 900, 901, 996, 379, 666, 766,
898, 868, 869, 889, 11, 908, 918,
919, 990, 991, 949, 1016, 1040,

 

