monasterium Ι, 6, 8, 12, 16, 19, 20,
21, 23, 33, 34, 41, 62, 67, 63,
66, 83, 92, 167, 114, 116, 117,
118, 123, 128, 131, 134, 136,
148, 160, 164, 163, 166, 171,
172, 173, 174, 176, 177, 178,
179, 183, 184, 186, 191, 192,
193, 201, 208, 213, 221, 222,
223, 296, 310, 314, 347, 343,
373, 377, 380, 391, 396, 397,
398, 447, 462, 637, 643, 602,
648, 666, 672, 673, 677, 679,
706, 718, 749, 766, 773, 773,
780, 782, 794, 796, 797, 798,
807, 867, 868, 869, 860, 863,
882, 886, Π, 003, 906, 907,
908, 912, 918, 919, 920, 921,
922, 937, 942, 948, 367, 993,
1006, 1014, 1016, 1018, 1047,
1067, 1068, 1094, 1096, 1119,
1146, 1160, 1169, 1167, 1177,
1189, 1196, 1197, 1204, 1206,
1213, 1214, 1246, 1266, 1267,
1266, 1289, 1306, 1323, 1332,
1336, 1363, 1364, 1379, 1381,
1382, 1397, 1407, 1411, 1422,
1427, 1449, 1476, 1486, 1601,
1610, 1636, 1643, 1668, 1674,

1616, 1666, 1661, 1666, 1661,

1700, 1716, ΠΙ, 1737, 1761,
1166, 1166, 1166, 1161, 1161,
1766, 1768, 1772, 1774, 1794,
1803, 1809, 1810, 1816, 1826,
1661, 1616, 1666, 1661, 1666,
1871, 1889, 1896, 1923, 1936,
1666, 1616, 1611, 1660, 6061,
6066, 6116, 6116, 6166, 6166,
6161, 6111, 6116, 6166, 6166,
2186, 2197, 2203, 2206, 2206,
6661, 6666, 6611, 6661, 6666,
2236.

monialis (= Nonne) 1, 779, 780, 782,
161, 11, 666, 616, 1616, 1116,
1666, m, 6666.

111666 (6. auch Bery) Ι, 6, 7, 8, 11,
14, 18, 26, 26, 27, 28, 30, 32,
47, 48, 60, 69, 70, 96168, 193,
666, 666, 666, 666, 11, 666,

806

1183, 1266, 1379, ΙΙΙ, 1839,
1960, 2216.

Momtrame 11, 1332.

1116616661, 6, 11, 14, 27.

61069619666 1, 272, 484, 608, 609,
612, 604, 627, 628, 694, 761,
336, 862, 11, 1038, 1084, 1106,
1167, 1182, 1211, 1216, 1217,
1368, 1416, 1432, ΠΙ, 2110.

morgengaben 11, 1076.

Mmyenqabrecht Ι, 694.

616111, 692, 772, 807, 884, Π, 906,
966, 994, 1034, 1061, 1061, 1087,
1198, 1211, 1260, 1262, 1280,
1282, 1286, 1296, 1310, 1314,
1316, 1322, 1362, 1389, 1396,
1412, 1432, 1447, 1467, 1600,
1637, 1640, 1641, ΙΠ, 1748,
1766, 1797, 1806, 1836, 1903,
1988, 2022, 2042, 2043, 2048,
2217.

mutto ΙΙ, 1264.

616116 (11166) Ι, 302, 334, 336, 617,
647, 734, 767, 772, 826, 11, 994,
1061, 1071, 1133, 1277, 1279,
1281, 1366, 1616, 111, 1760,
2093.

1111616 (mola) Ι, 1, 2, 367, 399, 648,
609, 676, 691, 693, 708, 733,
736, 766, 764, 784, 831, 11,
901, 902, 1006, 1066, 1069,1112,
1161, 1176, 1181, 1616, 1616,
1237, 1292, 1369, 1387, 1408,
1417, 1468, 1461, 1666, 1691,
ΠΙ, 1760, 1769, 1771, 1801,
1826, 1832, 1833, 1927, 2012,
2069, 2073, 2104, 2144, 2173.

1411649669 ΙΙ, 1066, 1417, 1691, ΠΙ,
1166, 6666, 6101.

mfllgerioht I, 866.

Milhlqrabon ΙΙ, 1106,1116; 111,6016.

1601666661 Π, 1210.

mfllwerd 11, 1066.

6166166 Ι, 321, 338, 614, 626, 674,
666, 166, 666, 11, 606, 1661, 1166,
1161, 111, 1166, 6616, 6060.

11666611, 666, 11, 666, 1161.

1161619161 11, 1611.

 

