838

via publiea 1, 5, 10, 18, 28.

- 1111115115 ΙΠ, 1871, 1877.

vicaria (Vicat-ie) 1, 341, Π, 942, 960,
1057, 1145, ΠΙ, 2195, 2211.

vicarius 1, 355, 782, 796, 798, 857,
869, 885; ΙΙ, 903, 912, 942,
948, 985, 1021, 1068, 1069, 1080,
1149, 1231, 1366, 1367, 1424,
ΙΠ, 1386, 1932, 1947, 2028, 2157,
2159.

vicedominus Ι, 185.

vicinitas 1, 314.

vicinus 1, 129, 377.

-- parrochia vicina I, 11, 27.

victualia 1, 219.

victua ΙΠ, 2171.

vidimierm 1, 351, 352, Π, 1472,
1527, 1709, 1725, ΠΙ, 1792,
1930, 1933, 2035.

Vidimus Π, 1049.

Vico 1, 334, 514, Π, 974, 1091,1190,
1210, 1330, 14201817, ΙΠ, 1781,
2027.

7155111Ῑῖ ΠΙ, 1781.

1151551] Ι, 788, Π, 905, 986, 1081,
1198, ΙΙΙ, 1797.

vigiliae (Viyilio) Ι, 93, 179, 195, 258,
267, 273, 277, 338, 347, 349,
375, 380, 389, 397, 436, 437,
447, 492, 518, 531, 537, 603,
641, 649, 863, 665, 666, 706,
778, 785, 807, 820, 841, 848,
868, ΙΙ, 915, 944, 970, 1035,
1158, 1177, 1179, 1187, 1198,
1270, 1306, 1353, 1384, 1449,
1457, 1478, 1515, ΙΠ, 1742,
1751, 1753, 1756, 1757, 1772,
1774, 1808, 1809, 1810, 1825,
1950, 2215, 2217, 2218, 2228,
2229, 2235.

vigilgloyten 11, 1459.

villa 1, 1, 5, 10, 11, 14, 18, 26, 27,
39, 36, 41, 64, 65, 66, 83, 92,
104, 110, 117, 126, 188, 172, 314,
416, ΙΙ, 1216, 1231, 1264, 1463,
ΙΠ, 2230.

villicatio Ι, 168.

5111151151, 96, 180, 269.

mmmm,
vinea (8. 55511 Weinyarm) 1,1, 5,10,
555555551,
mffiffimwwffl‚1
mmmmmwm}

fflfflwwwwmi

51115151, 58, 126.

vinitor Ι, 5, 10, 18, 26.

vinum (mach Woiu) 1, 5, 10, 13, 26,
69, 70, 93, 105, 125, 126, 162,
168, 171, 185, 195, 200, 201,
782, 860, 885, Π, 903, 942, 998,
1335, ΙΠ, 2141.

1151551151, 111, 116, 215, 217.

visio Ι, 8.

visitare Ι, 755, 822, 882, 11, 922,
1256, 1253, 1355, ΠΙ, 1889,
1916. ,

51511565(71’51“15655)Ι, 257, Π, 903,
ΙΠ, 2079, 2143, 2145, 2151, 2182,

affimmmmstffii

1555, 5111

visitator ΠΙ, 1737, 2235, 2236.

vita communia 1, 8.

mmm.

mmm1w8

Vioztum (5. auch vicedominus) Π,
ιωῃω. ,

7551 (5. 5555 advocatus) Ι, 59, 63, Ϊ

&mmmmm ,

mmemw,
mmwmstmm
818818,881‚881,888888;¹
mwmmmwm4
1555, 1541, 1415, 1415, 1455

1455, 1451, 1511, 1551, 1555

ωψηωωῌω,
1515, 1554, 1551, 1115, 441 1

mmmm

-fflwdimamomflm, ¹

mw8 χ
- Ero-1, 554, 555, 555, 515, 555, ,
mmmwfflffl

w. ¹
-mm-mum
-Μηω, .
5551551 (vogtporig, 5112111189) Ι, 440, ’
mmfflffifflwQ

 

