784

8111111111, 288, 211, 111, 881.

6811861613 (1811811111) Ι, 793, 313,

367, 383, 404, 466, 610, 631, 711,
744, 831, 863, Π, 970, 1034,
1131, 1137, 1300, 1677, ΠΙ,
1761,1808, 1967, 7067, 7717.

6118616131188111 Π, 064, ΠΙ, 1948.

gnarior 111, 7737.

gibaimer 1, 864.

1161881811, 764.

6181 (= Glaafemter) 11, 1010.

Glaofemter 11, 1781.

6181111 ΙΙ, 1187, 1744, ΙΠ, 1038,
7143.

611148ηό111] Π, 1774.

6844 (1. auch aurum) Π, 1171, 1776,
1228111, 1882.

6814914481 Ι, 187, ΙΙ, 1041, 1043,
1044, 1040, 1470, 1644, 1680,
1660, 1771, 1731, ΙΠ, 1740,
1111, 1183, 1181, 1882, 1818,
1834, 1836, 1861, 1801, 1004,
1006, 1064, 1068, 1089, 1007,
7044, 7066, 7164, 7740, 7767,
7767.

6831841181 Ι, 466, 831, 868, Π, 080,
1161, 1766, 17731 ΙΠ, 1747,
1817, 1967, 1073, 7086, 7104,
7100, 7717.

1881111681, 766, 844, Π, 046, 1676,
ΙΙΙ, 7717.

61161, 786, 868.

(amaon 1, 733, 800, Π, 1048, 1001,
1716, ΙΠ, 1781, 7060, 7104,
7143.

Graj 1, 370, 407, 446, 470, 666, 603,
678, 644, 680, 711, 748, 776, 806,
816, 873, 860, 867, 864, ΙΙ, 073,
1097, 1107, 1340, 1360, 1368,
1370, 1377, 1373, 1460, 1406,
1400, 1677, 1666, 1603, 1604,
1698, 1678, 1631, 1683, 1801,
1803, 1870, 1877, 1886, 1807,
1906, 1977, 1067, 1970, 7088.

Grafaclzafl Ι, 469, Π, 079, 1388,
ΙΠ, 1746.

granarium 1, 67, 708, 736, 408, 11,
1734.

6111111181Ῐά Π, 1416.

grangia Ι, 860, Π, 1773, 1387, ΠΙ,
7178.

grant (6111· 411· Wainpresao) 11, 004,
1087, 1780, 1317, 1340, 1637,
ΠΙ, 1986.

granum 1, 166, ΙΙ, 1734.

orae ΙΙ, 1743, 1763.

9111111 ΠΙ, 1781.

graaaach III, 1910.

gravamen Ι, 173, 161, 164, 178, ΠΙ,
1937, 1947, 1086, 7197.

gravari Ι, 110, 174, 161, 178, ΙΠ,
1947.

1186181 Π, 1799.

6111111, 1317.

<armen (1. auch terminus) Ι, 88.

griaas ΠΙ, 1768.

grueb (= 611161) ΠΙ, 7003.

110681411116111, deyartenarber'c) ΙΙ,
004, 1061, 1071, 1133, 1780,
1340, 1600, ΠΙ, 1760, 1078,
1086, 7003.

gruemad 11, 1174, 1330, 1688.

6181111811 (gromen) 11, 1003, 1186,
1747, 1764, ΙΠ, 7141.

groaai denariorum ponderatorum Ι,
414.

amad (grant) Ι, 369, 439, 467, 488,
601, 666, 667, 674, 689, 609, 744,
767, 777, 870, 808, 809, Π, 094,
1038, 1048, 1091, 1106, 1117,
1112, 1181, 1188, 1218, 1118,
1378, 1367, 1397, 1470, 1460,
1488, 1499, 1600, 1660, 1678,
1637, 1711, ΠΙ, 1736, 1760,
1776, 1786, 1701, 1864, 1039,
7009, 7017, 7076, 7077, 7138,
7130, 7161, 7176, 7184, 7711,
7717.

6111146181 (1111188881) 11, 1777,
1476, ΠΙ, 1800, 1930, 7006, 7107,
7144, 7704.

6111441681, 1. 6181418164.

6111114611 Ι, 348.

6111146111· Ι, 461, 670, 633, 783, 840,
877, 894, Π, 011, 080, 1006, 1008,

¹ 1081, 1811, 1121, 1188, 1211,

 

