800

1371, 1388, 1468, 1721, ΠΙ,
1818, 1832, 1888, 1118, 1111,
2217.

6168811811 Ι, 343, ΙΠ, 1762.

Lehmann 1, 188.

6111111111οή1 Ι, 318, 319, 322, 376,
666, 628, 823, 862, 864, 890,
Π, 936, 1061, 1308, 1326, ΠΙ,
1746, 1882, 2217.

Ι81181181811, 703.

6868111898· Π, 1462, ΠΙ, 2100.

6168191861 ΙΙΙ, 1781.

6116 (Ι8ἰ6) Ι, 772, 874, 898, 899,
ΙΙ, 910, 1116, 1128, 11391190,
1243, 1248, 1263, 1278, 1279,
1284, 1301, 1303, 1341, 1681,
1606, 1662, 1668, ΠΙ, 1781,
1862, 1976, 2169.

6116916189 (188 precarium) Ι, 106,
127, 186, 206, 209, 222, 232,
233, 432, 467, 489, 662, 684,
763, 829, Π, 910, 946, 968,
1002, 1061, 1121, 1190, 1208,
1188, 1181, 1811, 1818, 1382,
1416, 1600, 1602, 1637, 1638,
1666, 1666, 1666, 1676, 1684,
ΙΠ, 1760, 2046, 2068.

6869168961111Π, 1306.

6116816111 ΠΙ, 1966, 1998.

6111688111 Ι, 416, Π, 1133.

1117118 Ι, 899.

11111111 Ι, 416, 434, 616, 618, 661,
666, 669, 669, 641, 668, 703,
828, 831, 862, 864, 899, Π,
969, 962, 974, 977, 979, 1000,
1011, 1034, 1071, 1072, 1077,
1093, 1109, 1111, 1139, 1162,
1183, 1111, 1888, 1811, 1881,
1429, 1466, 1720, 1721, 1728,
ΠΙ, 1739, 1749, 1836, 1860,
1878, 1920, 1968, 2004, 2044,
2066, 2102, 2201, 2238, 2244,
2246, 2261, 2263, 2266, 2276,

61111811] (1811811881) Ι, 383, 461, Π,
12481474.

18119811 Ι, 899, ΠΙ, 1781.

Ι8111811 Ι, 669, 11, 976, 1091.

lonnpaum Ι, 898.

1691818111, 1247.

leprosus Ι, 264.

61116161 Ι, 769, ΙΙ, 1246.

6888111111 Π, 1174, 1286, 1467,
1639, 1641, ΠΙ, 1806.

61111111 (lesen) 1, 442, 613, 636, 638,
671, Π, 911, 966, 994, 1034,
1881, 1888, 1881, 1811, 1121,
1133, 1198, 1260, 1280, 1282,
1286, 1432, 1447, 1637, ΙΠ,
1760, 1789, 1797, 1812, 1832,
1838, 1978, 1986, 2009, 2022,
2042, 2093, 2266.

letter Ι, 786, 868, ΙΙ, 1384, ΙΠ,
2048.

18881118 ΠΙ, 2140.

leuton ΙΙ, 1347, ΙΠ, 1910, 2143.

18811188τὸ11] ΠΙ, 2081.

leynpaum Π, 1069.

liber (811111) Ι, 8, 24, 28, 296, 674,
860, 886, ΙΙ, 1134, 1197, 1266,
1181, 111, 1818, 2141.

Libera Π, 1616.

liberalitas Ι, 639.

1161181111 Ι, 447.

libertas 1, 82128, 118, 181, 118,
679, 812, 1206, 1336, 1674, ΙΠ,
1866, 1967, 1986.

libra (1811811 fflnd) Ι, 41, 66, 83,
167, 169, 160, 166, 167,183,184,
186, 190, 196, 199, 200, 203, 206,
207, 271, 274, 296, 377, 380, 672,
673, 718, 798, 807, ΙΠ, 2024,
2041, 2206.

1188811111, 9, 666, 782, 796, 798, 867,
869, Π,903, 908, 912, 922, 1102,
1382, 1397, ΙΙΙ, 2206, 2227.

18811, 181, 188, 181, 811, 811, 888,
666, 766, 786, 831, 899, ΙΙ, 916,
923, 1101,1177,1336, 1847, 1467,
ΙΙΙ, 2217, 2229.

lignum (1. auch Holz) 1, 168, 603,
673, ΙΠ, 2206.

limes Ι, 6, 11, 14, 27, 69, 70, 869,
Π, 903, 912,942,993, 1102, 1397,
1716.

linea Ι, 6, 11, 14, 27, 173.

liquor‘mm 1, 643.

 

