770

congregatio Ι, 22, 30, 61, 67, 183,
Π, 1231, 1674, ΠΙ, 2226.

coniudex Ι, 110.

coniugium Ι, 60.

connotarius 111, 1932.

conqueri Ι, 106, Π, 1006.

conscribere, paginam 1, 1.

- cartulam Ι, 69, 70.

consecratio (consecrare) Ι, 10, 16, 28,
34, 48, 83, ΙΙ, 11661246, 1266,
1422, 1427, 1636, ΙΠ, 2064, 2206.

consensus Ι, 8, 9, 12, 16, 23, 34, 66,
73, 96, 104, 106, 136, 140,161,
162, 167, 164, 166,171,179,183,
184, 213, 217, 222, 223, 314, 372,
373, 382, 397, 637, 639, 677, 718,
773, 867, 868, 869, 891, Π, 922,
1234, 1264, 1400, 1422, ΠΙ,
1893, 1932, 1986, 2028, 2227.

consignare 1, 886.

consiliarius Ι, 148, 161, 164, Π, 1639,
1672, ΙΠ, 1816,

consilium Ι, 8, 12, 34, 41, 60, 63,
66, 64, 66, 76, 106, 126, 130,
147, 148, 149, 161, 164, 221, 296,
314, 347, 349, 372, 377, 447, 637,
718, 769, 773, 807, 868, 869, Π,
921, 922, 993, 1206, 1639, ΙΠ,
1866, 1893, 1894, 1969, 1986,
2224.

consistorium ΙΙ, 919, 920, ΠΙ, 2181.

consolamentum 111, 2230.

consolatia Ι,93,179, 186196, 347,
349, 380, 637, 672, 714.

conspiratio ΠΙ, 1967.

constitutio 1, 12, 16, 34, 62, 76, 749,
773, 779, 11, 908, 912,942, 1119,
1206, 1231, 1266, 1267, 1366,
1379, 1381, 1382, 1397, 1674,
ΙΠ, 1932, 2178, 2183, 2186,
2206, 2216.

consuetudo Ι, 12, 16, 34, 116, 117,
176, 179, 183, 184, 223, 347, 349,
380, 396, 666, 672, 673, 714, 769,
ΙΙ, 1206, 1266, 1397, 1674, ΙΠ,
1893, 1894, 1932, 1968, 1986,
2028, 2206, 2207, 2226.

60110111 Ι, 212.

consultum Ι, 19.

6001011110 Ι, 162, 167, 296, ΙΙ, 1231.

conthoralis Ι, 714, ΠΙ, 2171.

contractus 1, 63, 73, 96, 174, 200,
221, 11, 908, 1382, 1643, 1668,
1647, ΠΙ, 1932, 2227.

contradere 1, 4, 73, 296.

contradicere 1, 106, 109.

contradictio 1, 4, 12, 16, 34, 82167,
162, 192, 222, 296, 718, 846, Π,
1264.

contradictor Ι, 116, 160, 671, 720, Π,
1040, 1119, 1382, 1397.

contravenire 1, 666.

controversia 1, 31, 41, 64, 66, 66, 83,
116, 126, 377, 666, 11, 1716, ΠΙ,
1737, 1974, 2277.

convenire 1, 69, 70, 101, 110, 166,
219, 377, Π,948,1006, ΙΠ,1866,
1932, 1947, 2230.

- compositione amicabili 1, 41.

conventio 1, 63, 268, 347, 349, 396,
Π, 908, 993, ΠΙ, 1932.

conversatio 1, 822, ΠΙ, 2168.

conversus Ι, 268, 260, 347, 349, 396,
637, Π,1289,1306, 1382, 1449,
1476, ΠΙ, 1761, 1763,1766,1767,
1772, 1774, 1808, 1810, 1827,
1889, 1960, 2112, 2178, 2218,
2229.

copulare Ι, 221.

coquina 1, 168, Π, 1337, ΠΙ, 1972.

cordula 1, 886, ΙΙΙ, 2128.

correctio ΙΠ, 2178, 2197.

corium 1, 203.

corroborare, manu propria 1, 1, 2.

corroboratio 1, 41.

creatura 111, 2197.

creditor Ι, 174.

crimen Ι, 124,111, 1866, 19321967.

cripta 11, 1246, 1267, 12661636.

crisma 1, 16, 34, 11,908, 1382, ΙΠ,
2178, 2206.

611111 (a. 611611 Krene) 1, 886, ΙΙ, 1246.
1366, 1627, ΙΠ, 2236, 2244.

culpa 1, 161, 164.
culta 01 inculta silva Ι, 11, 27.

, ,, terra 1, 1, 2.

 

