814

pontificatus Ι, 12, 16, 34, 41, 56, 64,
65, 75, 85, 110, 112, 128, 131,
135, 150, 161, 175, 204, 213,
261, 341, 397, 677, 678, 679,
681, 716, 720, 739, 749, 779,
780, 782, 794, 796, 797, 798,
812, 813, 857, 858, 860, 863,
866, 869, 882, 891, II, 903,
907, 908, 912, 918, 919, 920,
921, 937, 939, 942, 946, 948,
960, 965, 967, 1006, 1014, 1016,
1020, 1021, 1038, 1037, 1039,
1041, 1042, 1043, 1094, 1096,
1102, 1119, 1123, 1142, 1149,
1159, 1169, 1170, 1189, 1213,
1224, 1231, 1234, 1319, 1366,
1367, 1377, 1379, 1381, 1382,
1397, 1406, 1407, 1455, 1530,
1534, ΙΠ, 1741, 1824, 1839,
1840, 1841, 1847, 1895, 1896,
1932, 1934, 1938, 1947, 1994,
2028, 2119, 2120, 2121, 2122,
2123, 2124, 2126, 2127, 2128,
2178, 2183, 2186, 2189, 2190,
2199, 2233.

porcus (ε. auch Schwein) 1, 151, 164,
168, 240, 380, 880, 886.

porta (porte) Ι, 5, 11, 27, 203, 219,
ΠΙ, 19321957.

portio Ι, 135, 223, 279, 648, 782,
796, 798, 857, 869, Π, 903, 942,
mmm

possessio (e. auch Boeiez) Ι, 28.

possidere 1, 83, 773, Π, 912.

— iure hereditario I, 4.

— perpetuo iure 1, 2.

- iuste I, 53.

posteritas 1, 314.

postulatio 1, 34, 131, 679, 812.

potentia I, 217, ΙΙΙ, 2168.

meQQQmAEMQ
171, 192, 718, 720, 756, 885,
11, 908, 1015, 1070, 1206, 1255,
1382, 1407, 1427, ΠΙ, 1889,
mmm

- libera Ι, 1, 2, 4.

pottig Ill, 1760, 2093.

praebenda (prebenda), ε. Pfriiouie„

praecariam Ι, 1.

praedium (predium) Ι, 1, 4, 5, 6, 3,
9, 10, 14, 18, 19, 26, 27, 28, 32,
49, 50, 53, 63, 64, 66, 66, 73,
76, 84, 101, 106, 108, 124149,
161, 164, 168, 223266, 111382,

predia liberorum 1, 6, 11, 27.

praepositus (ε. auch Rapit) 1, 6, 8,
12, 16, 34, 40, 41, 62, 53, 66,
64, 65, 66, 67, 68, 76, 76, 79,
80, 84, 83, 87, 88, 94, 101,
106, 113, 114, 116, 116, 117,
122, 126, 126, 133, 149, 159,
162, 168, 185, 188, 189, 190,
200, 202, 211, 214, 221, 264,
279, 280, 296, 297, 310, 324,
825, 351, 355, 364, 386, 436,
437, 445, 516, 539, 663, 669,
670, 584, 539, 591, 619, 620,
633, 681, 696, 706, 710, 720,
721, 724, 780, 786, 797, 816,
817, 824, 849, 860, 867, 886,
889, 895, 11, 960, 966, 994,
1046, 1064, 1065, 1077, 1087,
mmmwfflm
1196, 1197, 1204, 1205, 1253,
1260, 1264, 1273, 1289, 1306,
1307, 1382, 1383, 1418, 1419,
1420, 1421, 1460, 1499, 1648,
1709, III, 1733, 1808, 1812,
1842, 1895, 1896, 1906, 1909,
1917, 1992, 1939, 1961, 1966,
1968, 1972, 1985, 2020, 2028,
2090, 2118, 2126, 2172, 2173,
2207, 2217, 2218, 2227, 2277.

praescriptio centum annorum Ι, 64,
65.

praesentatio (praesentare, presentare,
prtiaeniieren, Priimtalion) Ι, 92,
mmmfflmm
mmmfflmffl
ffissfflffifflstffim
ffimwfflwmmffi
wmwwfflm
mmwmmm
mmmwmm
mmmmmm
2206, 2208, 2216, 2235.

 

