842

1049, 1061, 1068, 1073, 1080,
1097, 1101, 1123, 1126, 1133,
1140, 1174, 1190, 1229, 1230,
1233, 1234, 1269, 1276, 1286,
1301, 1329, 1330, 1332, 1334,
1337, 1360, 1372, 1378, 1384,
1390, 1437, 1467, 1466, 1467,
1474, 1486, 1499, 1606, 1613,
1620, 1623, 1684, 1686, 1687,
1691, 1693, 1699, 1600, 1623,
1624, 1632, 1633, 1638, 1640,
1641, 1648, 1661, 1672, 1684,
1687, 1708, 1720, 1726, 1731,
ΙΠ, 1736, 1742, 1746, 1749,
1764, 1781, 1787, 1802, 1818,
1834, 1863, 1881, 1899, 1902,
1912, 1927, 1964, 1970, 1979,
1982, 1991, 2004, 2007, 2012,
2047, 2066, 2066, 2061, 2066,
2069, 2078, 2086, 2104, 2117,
2166, 2174, 2194, 2196, 2209,
2213, 2216, 2244, 2262, 2263,
2264, 2267, 2269, 2260, 2261,
2264, 2276.

Ζ919099 Π, 1298.

Zahltmq 1, 266, 680, 716, 742, 769,
774, 816, 866, 881, Π,904, 1042,
1136, 1141, 1146, 1234, 1298,
1478, 1682, 1683, 1607, 1626,
1642, 1638, 1646, 1684, 1688,
1726, 1727, 1731, ΠΙ, 1733,
1767, 1318, 1872, 1873, 1916,
1917, 1926, 1927, 1987, 2040,
2044, 2047, 2066, 2104, 2136,
2234, 2238, 2244, 2246, 2246,
2247, 2249, 2266, 2266, 2261,
2262.

Zahlunqetmm‘n 11, 1687.

Zahlunqwmuq 11, 1023, ΙΠ, 1926,
2261.

zainezigen 11, 1247.

zainzing 11, 1684.

Zapsen 11, 1274.

Zatm (999999) 11, 974, 1106,1112,1426.

zecha 1, 663, 666, 673, 769, Π,1013,
1017, 1086, 1161, 1172, 1226,
1228, 1384, 1386, 1440, 111, 1828,
2009, 2012, 2217.

Zoelae, &bramaha 1⁶10 W'wn 1, 719.

2996991999· 111, 2217.

Zoehbrilder II, 1017.

Zoohhos Π, 1228.

2996199999 Ι, 603, 666.

Ζοο619999 II, 962, 1172, 1469, ΙΠ,
2216.

29919ωεί9199· Ι, 719, 768, 826, 841, 11,
916, 961, 962, 960, 1017, 1019,
1086, 1161, 1166, 1172, 1226,
mwmwwm
1742, 1828, 2068, 2089.

2996996999699 Π, 1013, 1017.

mmmmmfflm
1900.

29799993 (9. auch 69919999) 1, 44, 47, 66,
190, 206, 206, 210, 226, 236,
266, 261, 284, 289, 291, 303,
306, 308, 311, 313, 324, 331,

ΜΜΜΜΜΜ,
99Μω9μηω

10fflmmfflmw
&mmmmm
mstmffimQQMQ
fflmmwfflm
mmfflwfflm

QQMMMQ,

mmmffimm
mmffimffimm

000, 999, 999, 999, 99 999 ³
wffimffimm1
9999, 9999, 9999, 9999, 9999
9999, 9999, 9999, 9999, 9999
mmmmm&

1110, 9999, 9999, 9999, 9999
9999, 9999, 9999, 9999, 9999
mmwwmw
fflmwwwm
lmfflfflfflffi
mmwmmm

1468, 1474, 1478, 1479, 1600, ’

9999, 9999, 9999, 9999, 9999
9999, 9999, 9999, 9999, 9999
9999, 9999, 9999, 9999, 9999
mmmmm&
mmmmm&
mwwmmm
9999, 9999, 9999, 9999, 9999,

 

