380

peckhin dieunt 111 66111 Stephanszeeh 61 1166116111 1111111111·
11611613 6161111113 61 66111 Μ61111163; 'item 6111 joch 63116136·
163611 611 161 1611 Subn 11616611 under 161 (1116111 11111161
6616116611 16111161631161 11Ρ661 in sein 161611 611 6611111
Μ61111163 6611116116 6161161113ςὶ16111 116111 11111 6311616 36163611
bey 16111 Rottnkreutz, ist 1611611611 1116111 61131161 und halben
1611 161 161 6136111661 1611166 (1613161361 611611. 1161666161
mit 1611 6131611113 11111 1116111 36661111 und 1666111 11111611 6111
ordnung gemacht hiet, 1166 1161 6111 1116111 3666111111 11111611·
1111113 auch wissenntlioh 3611166161111161116 316161, 66 66)1 611)-
31161 6161 16111111 161 1116116 666366616611, 661 61166 3611166611
und 36111161 1161111 61 161 16111111 111611161 stifft und 6111161
161 1611113611 111161111311611, 1611111 161 6661611 11661666 61111611
3611161661, wie hernach 1611611111 1111161, 166161 pas volpringen
11111 6661161111 111136. [1611111 11163 6166116 31111111 und 3116161
611 66111616 111116 und 11616113 1116116111 1111111 11111 3611166666,
wie im 6111 6116111666111 111631 6111 6911111611 161, 611 1116111 6111
6116116613611616 11111113 6111 widersprechen 161661116611161-
1116111611 und 1161116111 1616)1 161611111. 1161111111 661 6111 16161
611 161161166111611 6111 16111 16111116 1611611113611 111161111311611
611161 611 11661611 61111161 16111 singen auf 1611 163 11111 1116611
166611 6111 61111163 1611 161 1611113611 111161111311611616111616·
minckhn von 6611, 6111 1116611163 6111 66116661 umb 116 61111161
und 611 3616111113 66111, 6111 111111161611 6161 [1111166163 1611 6611111
stephan 61611611 3616161616116111, 6111 11611163 1611 16111 1611113611
11111166, 6111 6611116163 1611 11611661 1161611 1161111. 0161616111
11611661116161 163 1611111161 3616116, 661 61 166611 1611 16111 1611·
113611 163 11111 von 161 1611161111 116611666611611163611111611161
1636161111 6611661611 3611163 11111 16166 6136161161. Whrde
6161 161 6661611 1611111166 66611113 und 116 111666, wie 61611 36-
66111166 161, 111611 66611611161, 66 11116116 6161 1116111111 116
in 611161 6361116161 6611 1111111161 1111161 aoht 163611 111161 6161
66116 6161 6111611 6111116111 61166161· 111611 616161161, 6116611166611
1611161 1116661 36661116, 161 61111111 6111 36111616 161661111116
166661116611111816111611 6631611 11 Μ611116111 61 611161 pen 161-
1611611 6111 1611616111116616611361611. 11166166611111161
an 61116111 61111163 in 161 1666111 6116 161616 6161 1111166, 1161111 66
61616111663 11163 haben, vor 1611111111 und umh 116 61111161
1616111113 und 1611 11111611 1666611 166 6161111116 mit vigili 11111 166
1116136116 mit 61116111 6616161161116111611163 1636611. Er 66161161

 

