0.

quadragesima I, 204, 219, 846, 11,
1245, ΙΙΙ, 1909, 1936.

quaerero (quarata, quesita), quaesita
et inquirenda 1, 1, 2, 158, 416.

-, qugaita 1, 18.

Qatardian II, 1035.

Qunam I, 492, 576, 759, 766,
868, II, 902, 1061, 1131, 1132,
1273, 1390, 1448, 1533, ΠΙ,
1742, 1612, 1852, 1869, 1966,
2007.

querela Ι, 153, ΙΠ, 1974.

- iniusta Ι, 31.

querimonia I, 50, 75, 118.

1191111, a. quaarara.

questio 1, 64, 65, 126, 140, 164, 677,
655, 11, 942.

,1111 (quit) ΠΙ, 1916.

1111111111 Ι, 580, 716, 741, Π, 990,
1136, 1141, 1423, 1430, 1506,
1516, 1544, 1654, ΠΙ, 1733,
1745, 1779, 1926, 1996, 2034,
2044, 2056, 2156, 2202, 2247,
2253, 2262.

wwfflmmma

R

radix montis Ι, 30.

11111111 (rahe, Weinqarteiwaamaaa) 11,
1282‚1295.

rain (rainan) Ι, 684, Π, 953, 1061,
1243, 1244, 1263, 1446, ΙΙΙ,
1760, 1632, 2093.

raiae (111111, raiae) 11, 1276, 1264,
1352, 1560, 1609, 1626, 1673,
1674, 1684, ΙΠ, 2117.

raison Π, 1281, ΙΙΙ, 1761, 1943.

1111111111 11, 1265, ΠΙ, 2052.

1111111 1, 286, 404, ΙΙ, 1058, 1059,
1061, 1093, 1247, 1307, 1467,
1625, ΠΙ, 2244.

raittregistar 11, 1285.

raittung Ι, 465, 637, 766, ΙΙ, 1036,
1342,1365,1470,1513,1590,ΠΙ,

1912, 2952.
tontes. 11. 411111. 31117.

Μ

ratificara Ι, 655.

ratihabitio Ι, 296, 373, ΠΙ, 1974.

aaa 111, 2004, 2110, 2261.

aaa 1, 66, 239, 281, 266, 296, 315,
mmmfflmmm
430, 466, 475, 483, 484, 499, 516,
520, 526, 586, 546, 559, 566, 572,
584, 566, 567, 596, 598, 600, 603,
632, 641, 647, 656, 665, 674, 669,
697, 698, 751, 757, 759, 766, 768,
fflQOfflwzffi
910, 915, 974, 1090,1098,1059,
WQQWAEQQ
mmffimfflum
fflfflstfflfflffim
1474, 1630, 1666, 1695, 1711,
ΙΠ, 1742, 1744, 1867,1962,1964,
1967, 2065.

Rath (= Rathaharr) Ι, 699, 622, 652,
696, 704, 712, 734, 771, 772, 604,
879, Π, 947, 994, 1007, 1017,
1054, 1122, 1139, 1252, 1261,
1909, 1992, 1394, 1416, 1462,
wssamfflam
1496, 1499, 1516, 1566, 1611,
mfflafflfflmffl
1660, 1699, 1710, 1724, ΙΠ,
WAEQWAEQQ
1917, 1939, 1944, 1945, 1970,
2019, 2062, 2065, 2066, 2067,
1111, 1111, 1114, 1111, 1111,
2266, 2267, 2269, 2270.

Rati, aa- 11, 111, 001, 111, 1011,
1013, 1022, 1096, 1147, 1297,
WAEQMAEQQ
1748, 1976, 1992, 2000, 2905,
2011, 2046, 2077, 2090, 2096,
mmmmmmffl
2222, 2223.

ratio Ι, 223, 414, 891.

11111 1, 56, 73, 62, 102, 103, 124,
175, 382, 406, Π, 903, 919, 920.

- traditiones 111, at inconvulaq I,
18, 27.

Raab Π, 1469, 1526, 1626, 1631,
1684, ΙΙΙ, 16612013.

Rauca (rukeh) I, 899.

- aigen - Π, 1664.

52

 

