818

raason ΙΙΙ, 1781.

19691119 Ι, 886, ΙΠ, 1967, 1986.

rebellis Ι, 846, 869, 886, 11, 919,
920, ΙΠ, 1986.

recedere 11, 912.

recessus III, 1932.

Rechcnoq 111, 1300, 1991, 2276.

69961 Ι, 98, 119, 180, 182, 209, 284,
298, 299, 303, 313, 316, 336, 837,
843, 366, 399, 404, 416, 421, 422,
424, 426, 429, 433, 434, 441, 449,
460, 466, 468, 476, 477, 478, 488,
492, 493, 497, 499, 601, 604, 609,
610, 611, 612, 618, 617, 618, 620,
626, 626, 631, 636, 641, 644, 661,
662, 666, 667, 673, 684, 696, 609,
612, 641, 647, 668, 664, 674, 689,
694, 697, 699, 703, 711, 721, 734,
744, 766, 768, 769, 772, 786, 787,
799, 816, 869, 879, 896, 898, 899,

mmmmmmm

911, 999, 991, 999, 999, 1999,
1919, 1911, 1999, 1991, 1919,
1999, 1991, 1991, 1999, 1031,
1002, 1001, 1002, 1000, 1000,
1911, 1919, 1999, 1199, 1111,
1112, 1120, 1130, 1119, 1119,
1111, 1199, 1111, 1220, 1119,

1119, 1199, 1999, 1911, 1911,

1911, 1999, 1999, 1991, 1999,
1991, 1991, 1119, 1111, 1191,
1199, 1191, 1199, 1199, 1199,
1191, 1199, 1919, 1919, 1919,
1999, 1919, 1919, 1000, 1000,
1003, 1033, 1111, 1199, 1199,

1191, 1199, 1301, 1312, 1332·

1849, 1866, 1878, 1883, 1892,
1906, 1919, 1967, 1960, 1961,
2001, 2002, 2030, 2040, 2061,
2064, 2084, 2086, 2093, 2096,
2098, 2107, 2122, 2163, 2189,
2192, 2211, 2216, 2217, 2220,
2222, 2223.

-, 011191191ωή1 Ι, 364.

- 1119116969 - Ι, 44, 66, 78, 223,
369, 882, 648, 641, 831, ΙΠ,
2211.

- 8919111191· -Ι, 367, 878.

6196661996 Π, 1426.

1191611111, Ι, 744, 769, Π, 1466.

merorem 11, 1013, 1033.

reclamare 1, 93, Π, 1967.

recognoscere 1, 1, 2, 18, 171, 174,
178, 191, 212, 778, 807, ΙΠ,
1969.

recompensare 111, 1974.

recompensatio 1, 164.

reconciliatio (reconciliareroeoneia‘im)
ΙΙ, 1246, 1326, 1400, ΠΙ, 2041,
2206.

1911111191, 223,

11991119 Ι, 302.

redditus (51611Ηὶ11129) Ι, 6, 10, 26, 66,
92, 93, 131, 168, 173, 179, 194,
223, 296, 346, 372, 373, 380, 398,
447, 602, 643, 671, 666, 718, 720,
778, 782, 796, 798, 307, 867, 868,
869, 886, Π, 903, 937, 1040,
1119, 1169, 1197, 1206, 1397,
ΙΙΙ, 1737.

reddituarius 111, 1932, 2189.

Rode Ι, 616, 626, 673, 641, 674, 687,
694, 697, 698, 772, 783, 848, II,
374,1301, 1420, 1640.

redimere Ι, 106, 194.

reditus, 1. exitus.

12996191 1, 696, 686, 11, 1296, 1841,
1426.

refectorium ΙΙ, 1226, ΠΙ, 2236.

referendarius ΠΙ, 2021.

reformare (1919116191) Ι, 39, ΙΠ,
1914.

regale 11, 922.

Reycnwarser Ι, 869, 360.

regimen Ι, 6, 28, 24, 714, 778, 868,
869, Π, 318, 919, 920, 1427, ΙΠ,
1974, 2188, 2186, 2197.

1191111991 ΙΙΙ, 1914, 2143.

regionarius 1, 16.

999191, 228, 341, 377, 11, 1010,
1178, 1247, 1342, 1426, 1602,
1690, 1661, 1719, ΠΙ, 1920,
1944, 1969, 2062, 2164, 2206,
2211, 2214, 2216, 2248.

registrare Ι, 836,

sequerere 111, 1111.

 

