630

8118111111, 1600.

1111181 ΙΙ, 1462, 1672, 1607, 1628,
ΙΠ, 1916, 1922.

mmmffimmm
616, 662, 888, 11, 1818, 111, 1612,
1881, 8118.

18188118 11, 1606, 1612; 111, 2146.

1888888111 11, 1811, 1881, 1888,
1811, 1881, 1888.

1181881818οῆ8ἰὶ Π, 1296.
8818181188 Π, 1612, 1681.

mmmm 11, 1460, 1642, 1600,
1624, 1881, 18181881.

8818188688 Π, 1333.

0818188688, Ι, 66, 136, 686, 730,
11, 1037, ΙΠ, 2191, 2219.

11818111116118911186181· Ι, 87, 100, 106,
108, 109, 110, 113, 114, 116, 116,
117,136.

8818118688 Π, 1672.

1818888 1, 266, 888, 8888881188,
11, 818, 1881, 1181, 1818, 1118,
1118, 1181, 1181, 1181, 1188,
1818, 1818, 1881, 1818, 1818,
1888, 1888, 1888, 1888, 1888,
1881, 1881, 1888, 1881, 111,
1181, 1818, 1888, 1888, 1881,
1818, 1888, 8818, 8818, 2066,
2066, 2061, 8881, 8188, 8188,
8811.

88881811 1, 881, 888.

8818188188 Π, 986.

untorwinden Ι, 400, 416, 437, 468,
601, 616, 676, 686, 603, 769,
787, 820, 831, 811, 846, 868,
874, 899, ΙΙ, 916, 923, 928, 944,
968, 977, 979, 1061,1071,1078,
1080, 1132, 1133, 1144, 1161,
1174, 1178, 1190, 1191, 1247,
1279, 1280, 1281, 1286, 1311,
1330, 1360, 1467, 1637, 1611,
ΙΙΙ, 1742, 1760, 1806, 1812,
2062, 2093.

8818186811 ΙΙ, 984.

unverchumert Ι, 378, 698, ΙΙ, 923,
1061, 1076, 1161, 1364, 1613,
1648, ΠΙ, 2217.

unvergriffonleich 11, 1003, 1274, 1361,
1626, ΠΙ, 1832, 1862.

unverschaidenleiehen Ι, 610, 626, 636,
647, 674, 689, 697, 767, 768,

820, 826, 836, 11, 910, 916,

994, 1061, 1139, 1161, ΙΙΙ, 1746.
unversproehenlieh I, 617, 636, 711.
unverezigen 11, 666.
unvertzogenleich Ι, 616, 689, 663,

703, 826, 831, Π, 1120, ΙΠ,

2276.

unvogtper (8881681119) Ι, 696, 623,
691, 11, 947, 966, ΙΠ, 1982,
2086.

1181881181 Π, 1426, 1602, ΠΙ, 2066.

8811111811 Π, 1063, 1499, 1663, 1662,
ΠΙ, 2277.

88886188688 Ι, 267, 363, 404, 406,
466, 476, 609, 613, 617, 631,
646, 666, 676, 689, 637, 641,
647, 663, 666, 674, 687, 669,
694, 697, 698, 767, 766, 826, 11,
916, 974, 1091, 1101, 1139,
1161, 1178, 1469, ΙΠ, 1742,
1986.

0881181111, 661.

1111181 Ι, 618, 621, 698, 634, 876,
888, 11, 646, 1002, 1101, 1118,
1178, 1286, 1342, 1464, 1469,
1493, 1496, ΙΠ, 1921, 1966,
1979, 1981, 1986, 1998, 2023,
2110, 2213, 2226.

11168νᾶ81181 Ι, 688.

11168118] Ι, 664.

8168118818 ΙΙ, 1642, ΙΠ, 1864,1964.

1116888ςί88 Π, 1438.

81681τί88181 ΠΙ, 1734.

8118111 Π, 980, 1286, ΠΙ, 1903.

Ursehde Ι, 620, Π, 1303.

1111818118 (8181188118) Ι, 191, 196,
206, 207, 209, 211, 267, 293,
361, 362, 667, 368, 366, 393,
404, 406, 422, 428, 435, 441,
466, 610, 617, 626, 631, 636,
646, 663, 664, 666, 666, 673,
676, 679, 684, 689, 696, 603,
628, 631, 637, 642, 644, 663,
668, 674, 680, 689, 711, 713,

 

