W

Hauebaumqartm (hauupaumgarteu) 1,

988.

115559555555 Ι, 465.

1151595055 ΙΙ, 1630.

11555955εή111 11, 979,1365,1630, ΠΙ,
1806.

Hamyeeinde 1, 831, 11, 1101,·1365,
1630, ΠΙ, 1806.

1151151111, (5551511113) ΙΙ, 1101, 1133,
1174.

hausvertigung 11, 1368.

Η555515111151 Π, 1151.

555511 ΙΙ, 1659.

Hm· ΠΙ, 9946.

Hoerfahrt ΙΙ, 1103, ΙΙΙ, 9163.

1155551555· Ι, 934, 941, 944.

55151551511511 ΙΙ, 1986.

Heinuteuer (haimstewer) Ι, 517, 573,
769, ΙΙ, 1038, 1097, 1198, 1911,
1349, 1656, 1368, 1371, 1518,
1594, 1705, ΙΠ,1818,1839, 9074,
9110.

5555551555 ΙΠ, 1781.

Heimwesm Ι, 496,

Η51554 ΙΙ, 1654, ΙΠ, 1839, 1965,
9175.

hesram Ι, 876.

5511515111 Ι, 509, 637, 740, 751, ΙΙ,
1911, 1947.

55111115ιὶ355 Ι, 831.

heirattading 111, 9110.

helbling (Hlilblt'nq) 1, 694, H, 1010,
1019, 1050, 1903, ΙΠ, 1899, 1991,
9104.

55115 (5. auch 11105), gamain - 1,
843.

Helfer Ι, 711, 839, 11, 1116.

Helmdecke 11, 1319.

Henna ΙΙΙ, 9134.

1155555951, 934, 941, ΠΙ, 9007.

1151511 Ι, 608, 665, ΠΙ, 1760.

115165ιή05555 1, 934, 607, 754, 787,
868, Π, 915, 1055, 1189, ΙΠ,
1811, 9915.

Η5560505 Ι, 416.

hereditas (Erbe, Erbechast) 183, 153,
183, 184, 949, 399, 438, 484, 579,
695, 635, 647, 676, 693, 694, 697,

698, 699, 704, 705, 718, 798, 740,
769, 808, 895, 877, 878, 11, 909,
915, 966, 1061, 11991139, 1978,
1996, 1331, 1343, 1357, 1368,
1387, 1498, 1431, 1473, 1699,
1691, 1705, ΙΠ, 1770, 1819,
1854, 1893, 9019, 9046.

hereditatem dividere 1, 4.

- percipere I, 4.

-, 111 hereditatem ,1511511115 Ι, 4.

55155 (= Errbe) 1, 9, 75, 83, 109,
104, 111, 140,153, 155,157,159,
ΜΜΜΜΜΜΜ
173, 178, 183, 184, 186,199, 193,
mmmmmmm
949, 951, 954, 963, 964, 973, 975,
976, 978, 983, 985, 993, 313, 314,
315, 397, 337, 338, 354, 369, 499,
499, 435, 437, 446, 475, 485, 503,
510, 511, 518, 595, 596, 599, 531,
536, 541, 546, 559, 565, 569, 575,
583, 598, 603, 647, 658, 664, 666,
679, 673, 674, 676, 680, 687, 689,
697, 709, 703, 718, 740, 751, 753,
760, 783, 787, 809, 893, 895, 839,
859, 854, 869, 875, 895, Π, 910,
915, 994, 945, 949, 984, 1003,
1061, 1091, 1097, 1098, 1101,
1981, 1985, 1936, 1303, 1307,
1313, 1319, 1396, 1334, 1343,
fflmmmffiwm
1373, 1384, 1396, 1404, 1419,
1495, 1439, 1443, 1454, 1473,
1484, 1509, 1514, 1518, 1537,
1654, ΙΙΙ, 1735, 1739, 1745,
1770, 1818, 1839, 1835, 1869,
1897, 1991, 1989, 1988, 9009,
9007, 9059, 9074, 9075, 9184,
9196.

551155151551 Ι, 354.

Hmochast (5515511511) l, 483, 893,
898, 890, 899, 895, 898, Π, 915,
935, 955, 976, 979, 984, 987, 988,
1019, 1096, 1097, 1098, 1030,
1036, 1038, 1058, 1066, 1075,
1087, 1190, 1199, 1157, 1910,
1911, 1995, 1978, 1301, 1347,
1358, 1376, 1388, 1408, 1469,

 

