1806, 1888, 1674, ΠΙ, 1788,
1866, 1948, 1968, 1969, 1986,
8088, 8178, 8188.

0110100 ΙΙΙ, 1796.

obreptio ΙΙΙ, 1986.

obsequium 1, 687, 689, ΠΙ, 1988.

06001100110 11, 1366, 1466, 1788,
ΙΙ, 1787,1847, 1889, 1978, 8176,
8188, 8848.

observare Ι, 447, 778, 807, ΙΙ, 948,
1006, 1806, 1881, 1888, ΠΙ,
1788, 1988, 1968, 1989, 1978,
1994, 8188.

observatio Π, 908.

obsignare sigillo Ι, 91.

obsignatio, -0110 sigilli 1, 87.

0611Π, 1848, 1868.

obtemperare 1, 666.

obtinere (1111 8006010191 6011000100)
Ι, 184, 168, 161, 800, 780, 818,
818, Π, 987, 1040, 1070, 1119,
1886, ΠΙ, 8171.

obventio 1, 780, 778, 798, Π, 1040,
1110, 1110111, 1909.

occidens, versus -tem 1, 6, 11,
14, 87.

000110011οΙ, 160,

01111 Π, 986, 1888, 1486, 1486,
1668, ΙΠ, 1798, 8066, 8844.

00101 ΠΙ, 8806.

oeconomus Ι, 677.

brie Ι, 697, 864, Π, 1078, 1184,
1894, 1898, 1488, 1469, 1684,
ΠΙ, 8188, 8184.

611οΙ0000 111, 1886.

odium Π, 1006.

01011 Π, 1881.

offen (= iiffnen) 11, 979, 1678.

offen 11011011 Π, 1848.

offendere 1, 808, 886.

08011001, 164. .

0111010101πο Π, 908, 1676, ΠΙ, 1988,
8186, 8190.

0111010110 Ι, 117, 169, 160, 168, 186,
800, 887, 447, 606, 716, 718,
781, 769, 788, 796, 798, 848,
891, 11, 908, 948, 948, 964,
969, 991, 996, 1068,1069,1070,

809

1096, 1188, 1146, 1161, 1170,
1884, 1867, 1864, 1674, 1648,
1860, 1873, 1876, 1968, 1966,
1967, 1969, 1977, 1986, 8088,
8067, 8080, 8089, 8188, 8187,
8148, 8161, 8180, 8186, 8190,
8887, 8877.

0111010011,6,8, 80, 67, 99, 118, 181,
168, 196, 801, 808, 886, 896,
888, 897, 408, 687, 798, 807,
Π, 948, 1108, 1168, 1196, 1806,
1881, 1848, 1867, 1889, 1866,
1881, 1601, 1686, ΠΙ, 1871,
1878, 1886, 1894, 1984, 8141,
8197, 8886, 8886.

- defunctorum Ι, 860, 880, 687,
689, 817, Π, 1168, 1180, 1868,
1449, 1476, ΙΙΙ, 1761, 1768,
1764, 1766, 1767, 1778, 1774,
1808, 1810, 1817, 1887, 1960,
8118.

- vinitorium 1, 807.

8101100 ΙΙ, 1118.

01001011, 78.

oleum (091) 1, 881.

- sanctum Ι, 16, 84, 897, Π, 908,
1846, 1888, 1686.

01100 Ι, 878, 718, 784, 796, 798, 846,
867, 869, Π, 908, 948, 1806,
1881.

0001011001, 168.

Opfer 1, 831; 11, 1110.

001010 Π, 1166, 1469.

Opserpfonniqe 1, 681.

0010110110 Π, 1847.

oppidanus Π, 1067.

00016001 1, 866, Π, 960, 1808, 1878,
1674, ΙΠ, 1748, 1666, 1871, 1874,
ress, 1010, 1000, 1001, 1000,
1896, 1947, 1961, 8188, 8186,
8188, 8188.

oppressio I, 76.

optimates Ι, 76.

opus (s. 1111011 Wsrlc) ΙΙ, 11661469.

0101100 Π, 1048.

ordeum 1, 880, ΙΙ, 8806.

ordinere Ι, 68, 166, 808, 847, 849,
888, 666, 677, 778, 796, 798, Π,

 

