registratura 111, 2206.

regnum Ι, 8, 18, 41, Π, 1386, 1636,
ΠΙ, 1693, 1994, 2021.

-, 11111011ος01 Ι, 1, 2, 76.

raguhel, 6, 12, 16, 34, 166, 672,
673, 11, 1674, ΠΙ, 1737, 2162,
2226.

regularis 1, 34.

1011660061, oum - ΙΠ, 2177, 2161.

Reiripe ΙΙ, 1686, 1629.

reiten 11,1450, 1632, 1688,1703,ΙΠ,
1781.

1011111101, 102, 161, 11, 908.

relevare I, 860, 11, 1070, 1197, ΙΠ,
1932.

religio Ι, 347, 349, 869, Π, 918, 913,
920, ΙΠ, 1768, 1847.

- 0111111161 1, 8.

religiosus 1, 8, 796, Π, 1427, ΠΙ,
1737, 1846, 2028.

relinquere posteris Ι, 1.

reliquiae Ι, 61, 660, 686.

remissio ΙΙΙ, 1967.

1011001101, 92, 126, 677.

-sigilli mei inpressione Ι, 26.

renovatio III, 1846.

mmwmmwwu

mfflfflwmm
11111101 111, 1000, 0000, 1010.

renuntiare Ι, 64, 66, 83, 164, 183,

191, 666, Π, 912, 1716.

renuntiatio 1, 666, 773.

reparatio Π, 1266.

Reparatur 11, 1377, 1634, ΠΙ, 1764,
1836, 1860, 2097.

repeticio Ι, 60.

reservare (1000011101) Ι, 163, 196,
310, 319, 320, 322, 338, 400, 433,
460, 467, 638, 663, 612, 662, 671,
676, 740, 761, 796, 798, 807, 668,
869, 869, 876, 889, Π, 903, 918,
919, 320, 937, 942, 962, 1019,
1044, 1082, 1066, 1102, 1140,
1211, 1234, 1242, 1273, 1343,
1367, 1466, 1648, ΙΙΙ, 1780,
1847, 1876, 1967, 2001, 2074,
2079, 2086, 2164, 2171, 2177,
2186, 2210, 2216, 2233.

819

3111016011 ΙΠ, 1873, 1876, 1889,
2021, 2214.

reservatio I, 720, 782, 867, 866, 869,
Π, 918, 919, 920, 937, 10401119,
1169, 1231.

residentia Ι, 92.

resignare (resignatio, 1106910601) Ι,
37,104, 167, 168, 176, 192, 200,
296, 718, 739, 773, Π, 936, 1070,
1162, 1169, 1424, ΙΠ, 1741,
1782, 1938, 2064, 2067, 2167,
2296, 2219, 2220, 2221, 2222,
2223, 2224, 2260.

responsalis 1, 108, 109.

restauratio 11, 1222.

1011101 11, 1462.

restituere 1, 63, 116, 116, 866, ΙΙ,
1197, ΠΙ, 1843, 1937.

1011110101, 72.

1011101110 Ι, 130.

1000100111 Ι, 72, 84, 92, 164, 193,
396, 796, 798, 869, 11, 919, 920,
922, 1674, ΠΙ, 1737, 1947, 2028,
2182, 2236.

- 0111001011, 12, 16, 34.

11000111, 133, 169, 201, 270, 316,
339, 384, 394, 399, 402, 423, 436,
449, 460, 467, 489, 493, 497, 601,
623, 632, 646, 662, 664, 667, 669,
677, 678, 684, 686, 669, 693, 799,
604, 809, 827, ΙΙ, 964, 969, 996,
1090.

rex 1, 18, 34, 116, 146, 149, 161,
162, 161, 369, 679, 714, 812, Π,
1329, ΙΠ, 1866, 1894, 2183.

1101110, ein - 1, 267.

11011101 Ι, 637, 666, 697, 703, 626,
899, Π, 936, 1013, 1030, 1210,
1264, 1274, 1309, 1424, 1466,
1621, 1600, 1628, ΙΠ, 1922.

mmfflmmmm
mmmmmmm
mmmmmmm
mfflwumssmuffl
mmumummffla
mmmmmfflm
mmmmmmm
mmmmmmm
w

 

