840

1641, 1717, ΠΙ, 1903, 1924,
1963, 1971, 2029, 2044, 2134,
2256.

7171411ιί1114 (weinczfirol) Π, 1071, ΙΠ,
1760, 2093.

Weinzierlqericht Ι, 936, 337, 380, 476,
763, 769.

weisen 1, 628, 832.

11411161· Ι, 744.

11θί161 (1161181) Ι, 404.

weisung 1, 620.

weiten ΙΙ, 1091.

Weizen (triticum) 1, 240, 242, 276,
308, 311, 380, 414, 447, 619,
676, 606, 667, 670, 708, 766,
791, 800, ΙΙ, 1069, 1146, 1182,
1193, 1229, 1279, 1416, ΠΙ, 1760,
1769, 1781, 1979, 1981, 2066,
2161, 2166, 2265.

Wecken Ι, 691, 663, 11, 915.

wentten ΙΙ, 1174, 1286.

wer, 14111- 11, 1368, 1683, ΙΙΙ, 1887,
2143.

Werbtmy 11, 1662, 1663, 1673, 1684.

1111151111, 168.

werohleute 11, 1901.

werd Ι, 441, 666, 729, 734.

11611111 Ι, 199, 206, 261, 286, 367,
378, 383, 404, 466, 486, 604,
610, 611, 626, 636, 563, 665,
637, 647, 666, 689, 697, 703,
768, 825, ΙΙ, 1493, 1496, 1497,
1613, 1631, ΠΙ, 1907, 1922,
1943.

werffen, in gamain -Ι, 286.

werhaft 111, 2143, 2161.

werich (Werlc, watche) Ι, 832, ΙΙ,
1079, 1116, 1362, 1410, ΙΙΙ,
2143, 2217.

weriehtag 1, 711, ΙΙ, 1151.

wert 11, 1013, 1038, 1097.

werung Ι, 316.

Wetterschaden 111, 2164, 2201.

weydech 1, 697.

widem, die — 1, 899.

widem (= widmen) Ι, 369, 831, Π,
1132, 1161, ΠΙ, 2048, 2217.

widomrichter 1, 704311, 1304.

widemrichterin ΠΙ, 1993.

wideroheren (widerkohren) Ι, 378,
689,151, 311, 11, 911, 984, 16111,
1111, 1111, 1114, 1116, 111

1812, 2151.
widerfahren (widorvaren)1‚ 316, 620,
684, 729, Π, 1062, ΠΙ, 1781.
widergeben Ι, 666, ΙΙ, 974, 1362,
1475, 1492, 1640, ΠΙ, 2027.
wideryohen Π, 1097, 1298, 1309, 1469,

14881591.

widergelten Ι, 603, 666.

widerhaimczug ΙΙΙ, 1901.

Widerkauf 1, 716, 883, Π, 968, 1086,
1139, 1313, 1478, 1560, 1647,
1654, 1657, 1685, 1708, ΠΙ,
1891, 1904, 1906, 1927, 1954,
1989, 1997, 2249.

Wderkausefn‘ot ΠΙ, 1904, 1954.

widerlegon Ι, 541, 836, 876, Π, 994,
1286.

widorlegung Ι, 509, 612, 629, 604,
634, 637, 675, 876, 11, 974, 1161,
1280, 1287, 1311, 1317, 1340,
1342, 1416, 1469, 1676, 1684,
ΙΠ, 1818, 1832, 2052, 2074,
2075, 2217.

widerparthey 111, 1967, 1960, 1961.

wider-rechtlich 1, 647.

1116611646Ι,316, 400, 466, 469, 510,
613, 616, 520, 636, 676, 641,
694, 698, 768, ΙΙ, 910, 9791061,
1071, 1126, 1198, 1161, 1174,
1178, 1190, 1202, 1243, 1247,
1263, 1279, 1281, 1285, 1286,
1296, 1298, 1301, 1941, 1347,
1420, 1424, 1475, 1488, 1491,
1498, 1688, 1689, ΠΙ, 1780,
1812, 1882, 1961, 1988, 2062,
2093.

widmfen 11, 1069, 1363.

widersachen Π, 1284.

Wideraacher ΙΙ, 1667, 1684.

widemein 1, 711, Π, 1227, 1390.

widorsproohen ΙΙ, 984, 1061, 1066,
1178, 1216, 1247, 1362, 1412,
1688, ΙΙΙ, 1739, 1921, 1967,
2217, 2276.

 

