636

1461416 (Manain, 11611, 11611616), 1161· Martios, 411611166 111. - 16 116116166611

hl. - 616. 1, 69,70, 168, 186,
204,1246.

-ηωη66-166666
Μω6ωηωωω,
mmmmmmffl
QQAEMQQQM‚
fflmffimfflmw
mmmmffimm
mmmmem
mmmmmmm
mmmmmmm
mmmmmmw;
mmmemm
mmmmfflfflh

mwmmmnm

-, 266116 2111, - 16 Κ1661616666616

166666666666
mwwm

- V, Ρ6661 114181 1094, 1418: 1096,

mmmmwmm
mmmmm

—, 6611661661 Prior 11, 1419: 1699 Ζ ,

142411123.

-, 6611661661 06116161 Π, 1419,

1099 Ζ.

-, (1611661661 Ρ161666, Ρ161161 111

1166111616 11, 1416110411, 14161
1063, 141911096, 142411122.

ωωωωωωωηηωωωώωωω

mmmmmmmz

1, 13261341 Ζ.

nwmmmfflmawwmfflmwmffl

1166, 1178, 1197,1210,1222,1238,

mmmwz

1212, 1266, 121612161266, 1266, -, filius camerarii Ι, 13891807.
mwwmmmwzdfflfflffi
1339, 1344, 1360,1369,1387, 1392, -, 6. Alban, Angelpekeh, 81616661,

1398, 1411, 1412,1414,1423,1429,
1431, 1433, 1434, 1439,1440,1442,
1449, 1462, 1463, 1460, 1466, 1466,
1468, 1471, 1483,1609,1610, 1614,
1617, 1619, 1622, 1623,1643,1660,
1629, 1644, 1646,1646,1648, 1649,
1716, 111, 1760, 1760, 1771, 1777,
1784, 1786, 1790, 1791, 1792, 1793,
1798, 1800, 1816,1822,1831, 1832,
1864, 1866, 1868, 1891,1900,1908,
1910, 1911, 1927, 1964, 1966, 1963,
1964, 1993, 1997, 2006, 2606, 2007,
2009, 2012, 2026, 2026, 2066, 2067,
2068, 2073, 2074, 2083, 2089, 2092,
2093, 2107, 2108, 2109, 2116, 2117,
2131, 2133, 2138, 2139, 2160, 2164,
2163, 2169, 2176, 2198, 2217, 2226,
Qmwk

-, 11116666. 111. ·- 116 1161111116 Ι, 863,
16 Κ166161666111116 Ι, 260, 111 1161-
1161666111, 427, Π, 1161 , 16 Μ161161-
bach Π,1014,1169, ΠΙ, 2667,111
Μο111116611 I, 848, 16 Montibus in
Rom 1, 633.

-, 11666116 6. 111. - 1161Ρ61661611Π,
1060.

46666, 26611, Ρ111666611611161,Ρ1-
1161111611, Ρ16116116116166661,1’16111111,
Polhaim, Pssssehfichel, 2166661611,
Ρ166611611,Ρ116166,Ρ111611661,Ρ6611811,
Ρ6611161, 8111661, 96616666, 71611,
’1616616161661,Ε66111)61661,86661161,
1166111166, Ε666616, 1111161, 1166-
6611161161161, 7616666661, 81161161,
1116161611,6111116661,6616166661161,
611161, (161161, 66116616, 161116,
0111666116,(111161166661, (16111616,
(11111161, Η666, Η666161, Η6616666-
661661, Η6611161, Η611666, Hom,
1161661, 3666611, 1666616616661,
Κ616661661, 0616661666, 0116111166,
113616, chomor, Krems: 861661,
11111116, 11616661, 11666661, Lautor-
66611, haybach, 11666161, 116116166-
161661, 1161611661, 1116666661611
661662666611611), 11661161, 116661,

66661, 8666661666, 1166666631,
1166166116661161, 16666611, 1116166-
16161, 8611616661, 8611666661, 8161-
1661661, 8111111, 8161666116, 86611161
(6666661), 6661661, 866116, 71661-
1161, Walclhauson: Ρ166616, 1776111-

 

