1111616111 (1111116111) Ι, 426.

1111111111, 6111 - Ι, 6, 11, 27.

1111116611 ΙΙ, 1210, ΙΠ, 1781.

austrenkehen ΙΙ, 1100.

1611111611 Π, 1612.

Amabat Ι, 792, Π, 1469, ΠΙ,
2108.

611161οή1141 Ι, 674.

1111667116 Ι, 190.

1116161116 Π, 1190.

anauahen ΠΙ, 1781, 1921, 2146.

16161116 II, 1101, 1161, 1298,1347,
1606, 1688, ΠΙ, 1988, 2002, 2007.

autenticum Ι, 114, 860, 886, Π, 1197.

1111616611) ΙΠ, 1780.

auxilium Ι, 216, 718, 867, 11, 922,
1206, 1639, ΙΠ, 1968, 1986.

11111611(111311111111)Ι, 864.

11166611 Π, 1087.

Β.

baccalaureus 1, 797, Π, 1021, 1096,

1146, 1170, 1214, 1231, 1278,
ΠΙ, 1766, 2016, 2104.

3666 (e. 11116 rivus) Ι, 600, 047, 788,
792, Π, 1001, 1048, 1121, 1138,
1299, ΠΙ, 1838, 1964, 2069, 2104.

becken Ι, 899.

8611111 (1. auch 611161) Ι, 899, Π,
2166, 2273.

3611111111 Ι, 879.

baculum Ι, 414, 749, Π, 1266, ΠΙ,
2286.

8614 ΠΙ, 1776.

Bader ΠΙ, 1776.

Boanum 1, 111, 111, 11, 1111, 1116,
ΙΠ, 1776.

Βαά111663114161 ΙΠ, 2012.

ΒαΙινο I, 868.

baiulus Ι, 347, 349, 896, ΠΙ, 2182.

6111111 ΠΙ, 2268.

6111111111(611116111111)Π, 1366, ΙΠ,
2206.

11111611 111, 1116,1111,1111, 1166,
2206, 2207, 2208, 2214.

1111661116) 11, 970.

761

Banu (bannus, 611111, 1. 1111111611·
11111ιί61116) Ι, 9, Π, 979, 1206,
ΙΠ, 1962, 2191, 2277.

-,611111111 16116661111 Ι, 6, 10.

8111161661, Ι, 416, 468, 661, 699,
898, 899, Π, 1033, 1862, ΠΙ,
1764,1781.

6160111111, 36.

6116 1, 841, 698, 111166, ΙΠ, 1909,
1994.

8611111161 ΠΙ, 1736, 1921.

61111161 Ι, 16, 34, 766, 11922, 1826,
ΙΠ, 2199.

bastardus III, 1893.

Bau (6111) I, 813, 868, 860, 374,
689, 618, 767, Π, 979, 994, 1071,
1126, 1133, 1274, 1279, 1280,
1281, 1286, 1840, 1469, 1600,
1637, ΙΠ, 1760, 1762, 1766,
1868, 1938, 2093, 2100, 2184,
2211.

baum Ι, 884, 336, 887, 604, 11,
1111, 1111, 1111, 1111, 1111,
1266, 1286, 1287, 1299, 1334,
1362, 1890, 1416, ΠΙ, 1760,’
1790, 1791, 1860, 2093.

Bauer 1, 661, 116, 116, 11, 1611,
ΙΠ, 1804, 1944, 2143, 2266.

Β61111166611 Π, 1622.

61116016 11, 1287.

61111166 hulten (legen) 1, 466, Π,
946, 1144, 1208.

Baum Ι, 604, Π, 1161, 1263, ΠΙ,
1760, 1781, 2093.

Buttmann Π, 924, 979, 1066, 1116.

8111661111 Ι, 283, 466, 669, 677,
600, 661, 667, 694, 697, 711, 727,
767, 811, 623, 864, 899, 11, 979,
1069, 1061, 1107, 1162, 1174,
1184, 1286, ΠΙ, 1769, 1860,1868,
1988, 2062, 2107.

11611ιώ111 ΠΙ, 2170.

Βααπιόὶ ΙΠ, 1811.

Β66111113111 Π, 992, ΠΙ, 1771.

Βαυτωὴι 11, 1206, ΙΠ, 1746.

Β1111111111117 Π, 968.

6111Ιὶ1161 ΙΠ, 1967.

6161611111 ΙΠ, 2061, 2072.

 

