756

881118 ΙΙ, 949.

Adel H, 1649, ΠΙ, 1983, 9009.

4681118851 ΙΙΙ, 9110.

additio Ι, 64, 65.

adinventio 1, 915.

8881850818Ι,165,ΙΙΙ,1939,9911,9994.

administratio 1, 379, 380, 571, 858,
859, ΙΙ, 908, 918, 919, 9991981,
1397, 1497, ΙΠ,1737,1845, 1919,
1339, 1985, 9159, 9197, 9908,
9910, 9911, 9914.

administrator 111, 1768, 1994, 9994.

admissio 1, 773.

adnotare (annotare, notare, annotatio)
Ι, 149, 163, 164, 349, 396.

advena Ι, 194, 164.

advorsari Ι, 916,

aduersariusl, 109, ΠΙ, 1985, 9189,
9185, 9914.

advoontus (a. 8885 17891) Ι, 5, 10, 35,
49, 50, 57, 79, 73,99, 103, 104,
116, 117, 194174, 176, 183184,
908, 935, 938, 996, 408, 416, 505
718, Π, 1497, ΙΙΙ, 9178, 9908.

aedificium Ι, 1, 6, 8, 94, 30, Π, 1913,
1956, 1958, 1964.

aegritudo Ι, 919.

selas Ι, 917, 990.

aevum, omni -o Ι, 1, 9.

affectus Ι, 679, 718.

agor, 8. Aclcer.

aggravare 1, 891.

agricultura Ι, 56.

sidem (8. auch Eidom) 1, 964, 388,
395, 469, Π, 1139, 1137.

sigen (aygen) Ι, 197, 198, 199, 907,
934, 313, 354, 359, 378, 405, 416,
483, 511, 590, 536, 573, 575, 644,
647, 663, 674, 689, 699, 890, 836,
899, 11, 994, 1151, 1979, 1981,
1985, 1413, 1438, ΠΙ, 1957.

-, orutz - Ι, 993, 313, 357, 365,
383, 404, 469, 510, 546, 667, 697,
744, 890, 895, 836, 890, ΙΙ, 915,
1996, 1388, ΠΙ, 1819.

-, inmert - Ι, 934.

sigen (aygen, rorigeris) 1, 644, 890,
899, Π, 1058, 1083, 1176, ΙΠ, 1819.

aiganhaft gut Ι, 699.

sigone gewer Ι, 666, 689, 744, Il, 910.

aigensohaft 1, 993, 313, 608 644.

8111811 (synon) 11, 1301.

ainung (aynnng) 11, 1998.

ainonigen, zo - 11, 970, 1061, 1066.

81 ΙΠ, 1781.

4158181118) Π, 1347.

allegam 1, 655, 677.

8118118181, 9, 34, 73, 169, Π, 999.

allodium 1, 5, 11, 14, 97, 59, 993.

1111188811 Ι, 996, 961, 531, 890, Π,
1507,

8118181, 3, 5, 9, 10, 14, 16, 18, 30,
39, 84, 35, 50, 83, 175, 176, 397,
403, 418, 473, 483, 597, 531, 573,
574, 578, 699, 641, 643, 651, 679,
674, 799, 765, 779, 780, 785, 795,
797, 897, 890, 843, 893, Π, 900,
915, 980, 1014, 1070, 1101, 1199,
1138, 1145, 1151, 1945, 1959,
1118, 1841, 1818, 1488, 1111,
1467, 1501, ΠΙ, 1938, 9098,
9039, 9033, 9048, 9111, 9917,
9939, 9959.

8118118181, 844.

altitudo Ι, 5, 14.

- 8181118118 1, 11, 14, 97.

ambigere Ι, 744, 11, 1931.

ambiguitas 11, 919.

ambitus 11, 1945, 1535, ΠΙ, 1947.

8111581, 855, 891.

Amt Ι, 63, 898, Π, 905, 958, 978,
979, 1059, 1105, 1113, 11991138,
1175, 1181, 1198, 1999, 1941,
1943, 1963, 1985, 1397, 1376,
1391, 1459, 1464, 1469, 1540,
1611, 1639, 1654, 1684, 1696,
ΠΙ, 1801, 18031806, 1814, 1833,
1835, 1903, 1910, 1939, 1957,
1979, 1981, 1988, 1991, 1995,
1998, 9007, 9030, 9055, 9060,
9915, 9954.

Anu (Gottosdienst) 1, 531, 759, 787,
890, 831, 841, 868, ΙΙ, 9661139,
1151, 1946, 1989, 1306, 1384,
1448, 1457, 1589, ΠΙ, 1748,
1759.

 

