042

0011141019, Psarre:

147711877, 1477118788, 14771
1879, 147711881, 147711882 8.,
147711883, 147711886, 147711889,
147711890, 147711894 8., 14771
18968, 147711898, 147811899,
147811902, 147811903 8,, 14781
1904 8., 147811900, 1478119108,
147911916, 147911919 8., 14791
19208, 1479119278, 148011930,
148011999, 148011936, 148011937,
148011939148011940, 148011942
8., 148011940, 148011948, 14801
1948, 148011949, 148011900, 14801
19048, 148011908 S., 148011909
8., 148111963 8., 148111964 8,
148111960, 148111966, 148111973,
148111974, 148111978 S., 14811
19798, † 149012044, 1474122411,
147912247, 149412261.

Erhard 111, 148211980, 14821
1981 8., 1483119868, 148311987,
148311988, 148311989 8., 14831
1990, 148911991 8., 148411996,
148411997, 148612001 8., 14861
2004 8., 148712007, 148712011,
148812014, 1488120111, 148812016,
148912024, 1483-148912027, †
148912031,118912028, 148912029,
149012011, 147912248, 148212249
S., 1483121200 Ζ.

1101111110 v. Krems 111, 14891
2028, 1489120298, 1189120308,

1489120818, 1489120348, 14891 -,

3033, 1400130300, 14000031,
14000030 0,, 14000040 S., 1490:
3044,14000043,14000043,1401;
3031, 11010033, 14010033 0.,
14010034 0., 14010033 S., 1491:
303014010033,1401000114011
1003, 14010034, 14010033 0.,
14010003, 14030030 0., 14031
301114030033,14030033,14033
101014030010,1403000114034
3003,14030001,1103000014034
3001, 14030000 0., 14030004,
14330003, 14000001, 140οι
3000, 14040100, 14040103,

6611141019, mee:

1494121048, 149412100, 14941
2107,149012112,149012114,14901
2118, 149612119, 149612120, 14961
2121, 149612122, 119612123, 14961
2129, 149612130,149612130, 14961
2137,149612140,149612142, 14961
2143, 1497121448, 149712140,
149712146,’1497121478.,149712148
S., 149712149, 149712101, 14971
2102, 149712109, 149712104 8.,
149712106, 149712107, 149712163
8., 149712167, 149712168, 14981
2172, 1498121738,149812174 8,
149812177, 149812179, 149812180,
149812181, 149812183, 149812180,
149812186, 149812188, 1491112190,
149812191,149812192, 149812193,
149912194 8., 149912190, 11991
2197, 1499121119, 149912200, 14991
2201, 149912202,149912203, 14991
2200, 149912206, 149912207, 14991
2208, 149912209, 1499122108,
149912211, 149912213, 100012214,
100012216,100012217, 100012218,
1490122018, 1490122028, 14901
2209 8., 149012204, 1491122110,
149112206, 149912207 S., 11931
2208,149412261 8.,149412262 8,
1490122638, 149012264, 14981
2270,149812271, 149812272, 14981
2273, 149812274, 149812270, 1496
-100012277,

1910νο111 wirnt1,1111:20; Borh·
told 1, 1111z203 Heinrich 1, 12191
80 Ζ., 1223191 Ζ.; Η101111111 Ι,
12061130 Ζ, 12091198 Ζ.; 001-
fridus 1, 12711100 Ζ.; Heinrich
1, 12891180 Ζ, 12941190 Ζ.; 0110
Ι, 12961201 Ζ, 13001221 Ζ, 13091
232 Ζ.; Helnwik Ι, 13111208,
13131264 Ζ.; ΠΙ, 131212229,
13161280 Ζ.; 0110 Ι, 13211308,
Helnwik 1, 13271347, 132713191
Martinus Ι, 19371396,· Ulrich 1,

13401419 Ζ.; Dyepolt 1, 19601
620, 13691600, Friedrich 1, 13711
672, 19711679, 197116771 9000·

 

