780

91, 1919, 1999, 1991, 1999,
1991, 9919, 9999, 9999, 9911.

froilam ΙΙ, 1490, 1666, 1617,1620.

119111191 (9.911911919111911919) Ι, 263,
294, 632, 698, ΠΙ, 1936.

11911191191Π1, 2060.

11911116 (119991, frunt, 116969) Ι, 293,
383, 404, 469, 473, 609, 610, 611,
613, 616, 620, 626, 636, 666, 614,
647, 660, 674, 689, 694, 697, 702,
746, 766, 769, 606, 606, 620, 626,
631, 832, 833, 836, 844, 676, 896,
Π, 916, 923, 927,974, 1006, 1036,
1061, 1063, 1116, 1128, 1131,
1132, 1133, 1190, 1206, 1210,
1216, 1227, 1243, 1263, 1276,
1286, 1300, 1316, 1342, 1367,
1366, 1666, 1691, 1603, 1646,
1703, ΠΙ, 1742, 1600,1816,1866,
1921, 1967, 1962, 1970, 2062,
2077, 2090, 2184.

116191 Ι, 416, 466, 899, Π, 1296,
1426.

11169 (mae) 1, 334, Π, 1048,1243‚
1263, 1484, 1621, 1622, 1666,
1607, 1626, 1629, 1663, 1697,
1699, 1731, ΠΙ, 1760, 1781,
1870, 1912, 1963, 2047, 2093,
2161.

111699 Ι, 334, ΙΙ, 1190.

1116119191 Π, 1069.

fridrung ΠΙ, 1664.

11196119 Ι, 613, 663.

11911999 Ῑ, 613, 663.

11999911 (= Frauenamt) ΠΙ, 2232.

, 1199199 Ι, 63, 140, 160, 162, 196,
202, 223, 447, 671, 666, 672, 673,
718, 720, 773, 782, 796, 796, 607,
646, 867, 869, Π, 903, 932, 997,
942, 1040, 1119, 1169, 1231,
1397, ΙΠ, 1909.

61691119 Π, 1227, 1280,1286,1334,
1632, 1633, 1664, ΙΠ, 1746, 1761,
1939, 1967, 2211, 2217.

111111991ιῖ91 Ι, 696.

1199911161 11, 1161.

1161999991, 689, ΙΙ, 923, 1127,1161,
11661389.

1199999991 Ι, 674.

frumentum (9. auch 09419169) Ι, 380.

Mer 1, 401, Π, 994, 10661174,
1190, 1247, 1274, 1279, 1280,
1266, 1301, 1330, 1340, 1633,
1669, 1686, ΙΠ, 1760, 1978,
1936, 2031, 2161, 2266.

1961991 (= 1616919919) Π, 1301.

16ς99 Ι, 680.

1996919 Ι, 146, 372, 397, 716, Π,
906, 942, 1070, ΠΙ, 1846.

fundatio Ι, 62, 110, 223, 360, 672,
673, 718, 607, Π, 1427, 1674,
ΙΠ, 1768, 1666, 1671.

fundator I, 18, 33, 84, 268, 347, 349,
380, 396, 397, ΠΙ, 1846, 1867,
2224, 2236.

fundatrix Ι, 347, 349.

199699 Ι, 201, Π, 1466.

1111(Ι”11119) Ι, 67, 208, 466, 483, 616,
703, 11, 1301.

1611191 Ι, 307, 436, 712, 744, 769,
816, 626, Π, 964, 996, 1013,
12261226.

1916119899 Ι, 816, Π, 1064, 1120,
1247, 1274, 1296, 1301, 1426,
1466, 1476, 1468, 1622, 1634,
ΙΠ, 1744, 1812, 1912, 1917,
1991, 1999, 9991.

11119691, 631.

1919119199 ΙΠ, 1961.

1919199199 Ι, 699, Π, 1476, 1670,
1690, 1691, ΠΙ, 16121864, 1921,
1943, 2184.

16199 Ι, 604, 897, 898, 899, Π, 970,
1137, 1227, 1301, 1426, 1624,
1626, 1669, 1688, ΙΠ, 1760,
2146.

ffirgodingphenning Ι, 673.

1911111199 ΙΙ, 1621, 1673, 1884, ΙΠ,
2143.

19196999 111, 1769.

19119699 Π, 1274, 1298.

19119999 ΠΙ, 1966.

16119399, Ι, 696.

191999199 ΙΙ, 1492, 1493, 14991606,
1622, 1626, 1672, 1603, 1629,
1642, 1643, 1661, 1663, 1666,

 

