1012, 1038, 1048, 1068, 1069,
mmmwmm
mmmwwm
1621, 1310, 1428, 1469, 1716,
ΙΙΙ, 1760, 1781, 1801, 1864,
1860, 1908, 1910, 1911, 1939,
1978, 1986, 2184.
Τ691661111611110686611611166) II, 1470.
Τ6966116111, 641, 769, ΙΙΙ, 1967.
6ΜῃωῳῃωΛ6ω,
462, 468, 466, 483, 604, 641,
696, 697, 699, 768, 898, 899,
Π, 974, 982, 1060, 1062, 1088,
WMAEWWQ
mmmmm
taidingen Ι, 666, 637, Π, 1030,
mwmwww
1372, 1420, 1629, 1631, 1682,
1642, ΠΙ, 1983.
1611116611, 262, 422, Π, 12061362,
1621.

1616163616111611, 1420, 1680.
taidingpsennige Ι, 460.

talentum Ι, 81, 60, 64, 66, 69, 70,
73, 83, 84, 96, 103, 106, 123,
130, 170, 173, 176, 179, 224,
227, 240, 264, 266, 296, 373,
380, 398, 414, 628, 643, 699,
602, 610, ΙΙ, 993, ΠΙ, 2227.

- 97166666661, 126.

16111661 Π, 1366.

Tausbrunm ΙΙΙ, 1938.

Tam (6111116161) 1, 49, 66, 68, 73,
126, 132, 268, 269, 276, 299,
313, 333, 372, 386, 462, 463,
601, 667, 619, 620, 624, 630,
648, 661, 700, 721, 724, 736,
739, 796, 837, Π, 933, 934,
1038, ΠΙ, 1768, 1804, 1829,
1830, 2033.

16161, 846, Π, 2186, 2206.

taxare 1, 628, 798, ΙΠ, 2186, 2206.

7111661611, 144.

16616 Η, 1718.

76166 Π, 1038,1668, 1100.

teloneum (theloneum) II, 1264.

telonearius ΙΙΙ, 2227.

166616Ι, 1, 2, 807.

827

mfflmmmmffi
867, 868, 869, Π, 908, 942,
1166, 1661, 1661, 1661, 1166,
mfflm
mfflfflmmfflmm‚
1m6 66,166166161
mfflwmwm
mfflffl
mmmmwwmwm
mfflmmm
dmssmz
terminus (6. auch 76116111) Ι, 6, 11,
6666666
mmmmm&
mmmmmm
666, 666, 666, 661, 11 666
611, 1161, 1666, 1166, 1416,
1Qmmme
2186, 2208.

Μιωωωωων

184, 666, 714, 818, 860, ΙΙ,
1197, 1674, ΠΙ, 18931894.

- 6666161, 167.

testamentum 1, 179, 203, 308, 360,
397, 413, 670, 824, ΙΙ, 1636, ΙΠ,
1893, 1894, 2141.

tostis, -ibus‚ idoneis subintroductis
Ι, 4.

testimonium Ι, 10, 26, 60, 106, 110,
123, 126, 126, 147, 160, 164,
166, 167, 169, 163, 166, 166,
167, 169, 170, 172, 174, 176,
179, 183, 184, 186, 191, 192,
193, 194, 196, 201, 202, 212,
213, 369, 377, 380, 382, 447,
639, 666, 714, 773, 779, 796,
797, 798, 807, 868, 869, 886,
889, ΙΙ, 918, 919, 920, 948,
993, 1006, 1047, 1119, 1246,
1264, 1400, 1407, 1427, 1636,
ΠΙ, 1737, 1909, 1932, 1934,
1949, 1986, 1994, 2028, 2227.

11166161 ΠΙ, 2171.

11161166 (161166) Ι, 286, 334, 416, 476,
604, 626, 673, 698, 729, 761,
320, ΙΙ, 994, 1071, 1101, 1317,
1340, 1367, 1428, ΙΙΙ, 1760,
1986, 2012.

 

