1363, 1371, 1383, 1388, 1393,
1404, 1712, ΙΠ, 1773, 1301,
1101, 1111, 1111, 1111, 1111
1001, 1011, 1111, 1111, 1111,
1101, 1110, 1111, 1111
rinae 111, 2104.
rus Ι, 223.
- 1111111 vinctas redacto 1, 36.
rusticus Ι, 73, ΠΙ, 2230.

8

sacerdos (priestsr, presbyter) 1, 7, 32,
92, 123, 126, 146, 162, 200, 201,
260, 261, 288, 299, 347, 343, 360,
391, 396, 433, 310, 321, 387, 373,
603, 641, 618, 649, 663, 663, 820,
831, 868, ΙΙ, 923, 963, 967, 991,
333, 1020, 1021, 1033, 1083,
1143, 1179, 1180, 1338, 1384,
1449, 1433, 1476, 1301, 1313,
1321, 1648, 1741, 1731, 1733,
1772, 1774, 1782, 1783, 1787,
1817, 1827, 1847, 1833, 1873,
1889, 1919, 1337, 1968, 1383,
2021, 2046, 2112, 2133, 2130,
2211, 2217, 2223, 2229, 2236.

sacramentum 1, 16, 34, 86, 32, 83,
882, 677.

sacrificium Ι, 36.

11111111 Ι, 324.

sacristia 1, 873, Π, 363.

saeculum relinquere Ι, 8.

Sofronqlirtiein (saffrangertlein) 11,
1313.

sono 1, 736, 737.

sagimen Ι, 773.

sagitarius Ι, 123.

sagrer 11, 382, 1313, ΙΠ, 2217.

111111 Ι, 333.

salarium Π, 1366, ΙΙΙ, 2206.

Salo 1, 831, Π, 370, 393, 1007, 1102,
1122, 1243, 1263, 1482, 1483.

samad III, 2031.

Sammtrock ΠΙ, 2110.

sancire, sigilli inpressione - Ι, 36.

sanctio 11, 1206, 1374.

sanctimonialis Ι, 163, 238.

821

sartago Ι, 3, 10, 18, 26.

sartor (1. auch 8131111311) ΙΠ, 2230.

satisfacere 1, 123, 223, 447, Π, 393.

satisfactio 1, 12, 16, 123, 131, 164,
773, 833, 11, 913, 320, 1206,
1363, 1374, ΠΙ, 2214.

satlehen Ι, 388.

Sao (1111103 8111111111) ΠΙ, 1781.

fimbrias Ι, 378, 768, Π, 1018, 1198,
1296, ΠΙ, 1800, 2061.

81111113111111111) Π, 1226, 1228.

ΜΜΜ.

8011111, (sacznnge = Vcrpfundanq)
Ι, 130, 231, 232, 337, 416, 419,
QQmmfflmm
737, 899, ΙΙ, 313, 363, 384,
1192, 1198, 1211, 1683, ΠΙ,
1818, 2087.

scandalum 11, 307,1713, ΠΙ, 1932,
1947, 2137.

scedula 111, 1332.

fflmwwfflmmn
mmmwmmm
mfflQmmm
mmmmmm,
mmfflanm
mmmmmm
mmmmwn
Qmmmmm
mmmmwmQ
mmmmmm
mmwmmm
mmmmm&
1111, 1111, 1111, 1111, 1111,
mmwwmm
mwwfflfflw
mmmmmm
mmwmmm
mmwmmm
1111, 1101, 1111, 1111, 1111,
mwfflwwffi
mmwmmm
mmwmmm
mfflwwmffi
111 11,111 mn,1na
1111, 1111, 1111, 1111, 1111,
mwwmww
lwmmeQ

 

