841, Π, 915, 1708, ΙΙΙ, 1853, 1875,
1969.

Pseu 1, 637, ΙΙΙ, 2143.

Psennipc‚ 5659111959 - Ι, 348.
1191191· - Ι, 634.

Μ11119591191· - Ι, 634.

neue - Ι, 383.

8119591991· - Ι, 343, 529, 538.
181191911- - Ι, 518.

7711111919- - Ι, 518.

Psenm'qdicme Ι, 458, Π, 373, 1061,
1438, 1593, ΙΙΙ, 1900.

Psenua'pqiilic 11, 1464, 1720.

Pserd (9. 9119511919) Ι, 315, 484, 514,
554, 566, 670, 726, 750, 851, 876,
11, 999, 191, 919, 1000, 1011,
1101, 1174, 1247, 1271, 1330,
1529, 1542, 1551, 1553, 1564,
1605, 1606, 1620, 1631, 16349
1668, ΠΙ, 1864, 1940, 2064, 2081.

,1119119911 (phlanzen) 111, 1760, 2093.

Pflammuc Π, 1123.

Pflepbricf (phlegbrief) ΠΙ, 2007.

Pflepcr (phleger) Ι, 320, 354, 518,
605, 632, 645, 717, 839, 893, 11,
000, 030, 000, 010, 001, 004, 991,
988, 992, 1004, 1030, 10001000,
1991, 1199, 1119, 1199, 1199,
1129, 1137, 1138, 1207, 1210,
1211, 1235, 1246, 1311, 1316,
1344, 1356, 1368, 1405, 1408,
1428, 1458, 1459, 1485, 1493,
1199, 1199, 1999, 1999, 1999,
1602, 1624, 1628, 1634, 1646,
1999, 1999, 1199, 111, 1191,
1739, 1788, 1813, 1836, 1865,
1870, 1905, 1906, 1941, 1964,
1970, 1984, 1988, 1930, 1936,
1938, 2002, 2007, 2027, 2046,
2055, 2075, 2086, 2110, 2151,
9119, 9919.

Pflcpachaflsphlcg) 11,1000‚1010; ΙΠ,
2052.

,159191 (91119191) II, 1025, 1084,1359.

,1691911191 (1519191591) Ι, 606, Π, 1279,
1339.

ρᾶε19111919191(,11119191111919191) 1, 264,
19999911, 10313111, 1999, 9199.

Pflicht ΠΙ, 1825.

lssup Π, 373, ΠΙ, 1781.

pfrcngcn 11, 1723.

Pfriindc (prebenda) Ι, 33, 246, 248,
258, 260, 338, 347, 343, 336, 437,
439, 469, 432, 524, 537, 541, 633,
641, 671, 720, 733, 889, Π, 342,
1231, 1243, 1263, 1627, ΠΙ, 1845,
2020, 2096, 2217, 2226, 2229,
2233, 2235.

9591159111, 843.

,1591115919 (pfcndwciec) 11, 1100.

,1591111911 Π, 1459.

,1591111911 Ι, 772, Π, 923, 974.

,1591119911 Ι, 639.

,1591111911ποί9 Π, 1271, 1301.

phisicus ΠΙ, 1332.

pietantia 1, 380, 447.

pignua 1, 63.

pictura 1, 8, ΙΠ, 1856.

pincerna (1. cuch 1891191119) 1, 50, 102,
199, 199, 191, 111, 000.

piscaria Ι, 860.

piscatio Ι, 1, 2, 18, 158.

piscina 1, 153, 158.

,119919 (91111911 0000) 1, 98, 105, ΠΙ,
2235.

,119191ΠΙ, 2227.

pistrina ΙΙ, 1437,

pistrinum Ι, 30.

91111119, 9. pyvildc.

piaaig 1, 582.

plaustrum 1, 168.

plebanus, 1. Pfawcr.

plebesani, 9. Pfurrlcaic.

,11959 Ι, 7, 32, 372.

,1191959191 ΙΙΙ, 2206.

poena (pena) Ι, 64, 65, 117, 164,
377, 380, 477, 655, 673, 718,
773, 885, 831, Π, 908, 1206, 1882,
ΙΙΙ, 1833, 1385, 2178, 2183, 2227.

,19οηί1911119 (penitentia) Ι, 8.

pomerium 1, 158, 168, 373, 543.

,1999, 9111119199

pontifex 1, 12, 16, 34, 56, 673, 858,
859, Π, 1231, 2203, 2216.

- 1199199991, 8, 812, 858, 859, Π,
908, 342, 1231.

 

