780

1648, 1666, 1684, 1688, 1711,
1716, ΙΠ, 1746, 1748, 1771,
1773, 1781, 1780, 1786, 1801,
1808, 1808, 1804, 1806, 1807,
1888, 1888, 1886, 1888, 1848,
1860, 1888, 1808, 1818, 1881,
1848, 1864, 1868, 1864, 1878,
1888, 1888, 8007, 8080, 8086,
8040, 8068, 8068, 8064, 8068,
8080, 8104, 8106, 8114, 8116,
8184, 8187, 8164, 8178, 8178,
8184, 8810, 8818, 8818, 8886,
8860, 8861, 8868, 8874

1667616 Ι, 667.

ΗῳΜη 11, 1880,

quqarton ΙΠ, 1768, 1801.

Hosyewand 11, 1847, 1438.

Hoflaqer ΠΙ, 8870.

11616616 Π, 1646, 1688, 1617, 1684,
ΙΙ,1878.

qumarlc (hormarioh) 1, 448, 610, 666,
646, 717, 808, 811, 11,1184;111‚
17761881.

qu'maroehallI, 848, II, 1078.

Hffmet'oter Ι, 876, 866, 881, 461,
686, 667, 686, 787, 766, 11, 886,
1000, 1008, 1088, 1087, 1100,
1147, 1888, 1886, 1880, 1886,
1887, 1884, 1804, 1840, 1868,
1888, 1474, 1486, 1648, 1618,
1686, Π, 1786, 1778, 1786,
1881, 1808, 1878, 1878, 1881,
1886, 1881, 8084, 8080, 8868.

Η6Ῐή6616· Ι, 878, 881, 878, 441, 446,
446, 617, 668, 688, 668, Π, 1848,
1868, 1408, 1467, 1618, 1664,
1618, 1616, 1688, 1714, 1716,

mmwmmmm

1887, 1888.

Hofochranm Ι, 618, 647, 688, 668,
887.

Hofechranmchret'ber 1, 668.

Ηρίεεᾶασ (hefstat, area) 1, 81, 180,

Μωωῌηωωω,

888, 800, 808, 836, 888, 416, 417,

QQQQQQQ

mmmmmmmffla

mmfflfflmmm

618, 680, 688, 648, 647, 667, 661,
666, 667, 688, 688, 684, 687, 708,
788, 787, 788, 738, 747, 761, 768,
761, 770, 778, 788, 786, 806, 806,
811, 888, 886, 887, 888, 867, 871,
888, 888, Π, 986, 887, 1001,
1067, 1078, 1076, 1081, 1180,
1161, 1166, 1808, 1880, 1888,
1884, 1807, 1818, 1861, 1878,
1404, 1488, 1616, 1666, 1707,
ΠΙ, 1768, 1801, 1811, 1848,
1800, 8008, 8184, 8161.

Hoflm'do‘nq Ι, 888, 441, 668, 688.

Hofwim 111, 1886,

Hofn'm Π, 1881.

1161866 Ι, 878, 884, 864, 868, 360,
878, 878, 400, 404, 416, 416, 448,
468, 466, 468, 488, 600, 604, 618,
680, 646, 646, 661, 668, 646, 660,
666, 708, 716, 771, 880, 888, 844,
868, 868, 871, 880, 888, 888, 888,
11, 814, 884, 1088, 1088, 1068,
1087, 1081, 1106, 1117, 1186,
1188, 1180, 1188, 1144, 1178,
1181, 1188, 1846, 1878, 1886,
1881, 1884, 1886, 1887, 1801,
1804, 1881, 1468, 1468, 1460,
1468, 1486, 1487, 1488, 1480,
1481, 1648, 1661, 1668, 1667,
1668, 1667, 1678, 1606, 1608,
1610, 1618, 1614, 1616, 1616,
1618, 1618, 1681, 1688, 1660,
1668, 1678, 1686, 1686, 1784,
1788, ΙΠ, 1764, 1781, 1780,
1804, 1811, 1886, 1864, 1881,
1888, 1808, 1848, 1888, 1886,
8018, 8080, 8068, 8064, 8066,
8078, 8086, 8088, 8087, 8108,
8180, 8184, 8164, 8161, 8168,
8170, 8178, 8178, 8868, 8864,
8861.

Η616 Ι, 884, 401, 684, ΙΙ, 1174,
1878, 1886, 1866, 1688, ΙΠ,
1878, 8068.

bola (= Wald) Ι, 888, 880, 867, 868,
888, 466, 468, 476, 681, 648, 678,
684, 647, 666, 666, 667, 684, 688,
684, 687, 784, 788, 800, 880, ΙΙ,

 

