760

2108, 2109, 2160, 2166, 2161,
2169, 2176, 2176, 2198, 2204,
2226.

6616166111, 694, 763.

auferfordern ΙΙ, 1493, 1622, 1671,
1699, 1613, 1614, 1616, 1676,
1663, 1703, 1723, ΙΠ, 1943,
1984.

6617611666 ΙΠ, 1781.

66696666 Ι, 139, 261, 264, 287, 374,
403, 432, 446, 448, 489, 492, 661,
669, 660, 691, 864, Π, 946, 1029,
1034, 1122, 1136, 1191, 1248,
1307, 1331, 1424, 1483, 1600,
1611, 1661, 111 1131, 1842,
2068, 2096, 2161, 2228, 2277.

4679666166· ΙΙ, 1431, 1447.

66666066 11, 1684.

6163666661 Π, 1067, 1623.

Ι6611666611 (1466666669) Ι, 842, ΙΙ, 1071,
ΙΙΙ, 1760.

6666611, 666.

66616966 Ι, 664, 811.

6616666166 ΙΙ, 1106, 1499, 1636, 1606,
1612, 1618, 1631, 111, 2006, 2146.

66166666 ΠΙ, 1916, 1988.

6616666663 ΠΙ, 1812.

Ausscblay Π, 1636.

6616616 Π, 1367, 1680, 16961699,
1661, 1670, ΙΠ, 1943, 1984.
661666661164676616669) Π, 1027, 1124,

ΙΠ, 1802, 2176.

66611666 Ι, 367, 483, 610, 673, 667,
687, 766, 736, 766, 820, 826, 878,
Π, 901, 933, 964, 987, 997,1092,
1223, 12461464, ΙΠ, 1811, 1900.

6616166666 (Kmen) 11, 1131.

Austray 11, 960.

6666661611 Π, 1683.

66676661 (Korma) 1, 663, 666, 766,
899, Π, 1347.

aurifaber Ι, 414.

aurum 1, 647, 349, 697, 677, Π,
1206, 1231, ΠΙ, 1847, 1896, 2268.

6666166666 ΠΙ, 2102.

6666661966 (auspringen) 111, 2000.

6661661166 Ι, 334.

amsallm (6661611611) Ι, 697.

6661111766 Ι, 634, ΠΙ, 1781.
Amabo ΠΙ, 2047.

66696666 Π, 938, 1186, 1196, 1690,
1684, ΙΠ, 1912, 1976, 2007.
4669761611 Ι, 310, 363, 799, ΙΙ, 1076,
1206, 1230, 1373, 1610, 1616,

16391641, ΠΙ, 1962.

6661161166 (1466662669) ΠΙ, 1869,
1988.

6666661661 (6666666166) Ι, 666.
4667666666 (6666166663) Π, 1718.
46616966 ΙΙ, 947, ΠΙ, 1766.
666766ρπ Π, 1601.

1166766666 Π, 1187, 1469.

66666966 (661Ιί6966) Ι, 436, Π, 1036.

666ῑό666 Ι, 434, 497, 669, 696, 609,
612, 671, 761, 760, 762, Π, 1211,
ΙΠ, 1818, 2001, 2047, 2168.

466Ιό6666 Ι, 627.

amachan Π, 1061, 1392.

6166661661 ΙΠ, 2008.

6666617611 Ι, 633, 898.

amitam 11, 1496.

6666611166 Ι, 316, 610, 626, 636,
647, 674, 689, 711, 734, 767, 766,
772, 786, 820, 826, 831, 860, 11,
910, 974, 1024, 1061, 10861097,
1101, 1126, 1132, 1161, 1173,
1174, 1183, 1210, 1226, 1281,
1286, 1607, 1360, 1366, 1388,
1469, 1626, 1626, 1666, 1646,
1646, 1691, 1694, 1600, 1607,
1633, 1661, 1667, 1672, 1679,
1684, 1688, 1699, 1726, 1724,
ΙΙΙ, 1742, 1746, 1812, 1833,
1888, 1918, 1982, 1988, 2062,
2096, 2102, 2176, 2217, 2269,
2276.

6116νί661669 ΠΙ, 1944.

atu-*oldam 11, 1668.

Amana 11, 1226, 1228, 1626, 1626,
1683, 1699, 1600, 1626, 1667,
1684, 1724, ΠΙ, 1796, 1872.

6666166611 Π, 1362, 1611.

6166166666 ΙΠ, 1801.

Amnem Ι, 808.

6661661766(6661611611) Ι, 734.

14661669 Π, 1679.

 

