809

mandatum 1, 148, 677, 790, 789, 796,
797, 798, 846, 859, 886, 891, 11,
mmmwwmm
1470, 111, 1737, 1894,1989, 1969,
1111, 1115, 1110, 1111, 1111,
1111, 1111, 1111, 1101, 1101
2mmmfflmmm

mfflfflwmw

manifestare 1, 609.

Manipel 11, 1347.

Manu (11111) 1, 367, 378, 883, 466,
mfflmmmmm
mmffimwmmffl1
Qmwmfflfflffi
Qmmfflmffim
mmwwwwm
mmmm

Mannmtcmm 1, 318, 376.

Mannum ΙΙ, 1003.

Manmchcst 1, 849, ΙΙ, 943, 967, 1067,
1179, 1176, 1611.

manseros 111, 1893.

mansio fratrum Ι, 80.

1111111111 Ι, 416.

mansus (1. auch Husc) 1, 9, 6, 10, 11,
18, 96, 97.

- 1110111111, 6, 10, 18, 96.

- regalis Ι, 18.

Marcel ΙΙ, 1947.

manumissio Ι, 178.

manus 1, 31, 89, 86, 49, 69, 64, 66,
71, 84, 86, 93, 133,149,149,164,
158, 166, 176, 177, 178, 186, 901,
919, 993, 377, 380, 397, 678, 773,
899, 868, 869, 889, 899, 1016,
1070, 18961889, 1497, ΠΙ, 1866,
1939, 1934, 1947, 1967, 1986,
9094, 9168, 9178, 9903, 9936.

111116011111 Ι, 677.

marca (= Mark, Gela) 1, 63, 64, 66,
93, 133, 178, 919, 969, 980, 981,
997, 994, 348, 409, 411, 414, 461,
594, 665, 789, 867, 889, ΙΙ, 908,
937, 949, 10401119, 19061964,
ΠΙ, 1789, 1893, 9090, 9187.

marca (marcha = Mark, 11111111) Ι,
1, 9, 559, 647, 757, 899, Π, 1096,
1091, 1106, ΙΙΙ, 9008, 9196.

1161 11, 1636, 1671.

marchbaum ΙΙΙ, 9161.

marchen ΙΙ, 1048, 1106, 1490.

marc 1, 83, 93.

Marchfimer (marchfuctcr, pabulum)
LQQQQWQ
1464.

marchio (1. auch Marlcyraf) 1, 1, 9,
6, 10, 11, 14, 18, 90, 96, 97, 89,
37, 49, 60, 148, 149, 159, Π,
1906.

maritus ΙΙΙ, 9980.

1411191αό11 ΙΙ, 1091.

1411111911] 11, 1996, 1998, ΠΙ, 9010.

Marqulzfin ΙΙ, 1460.

11111111ιεί1 Ι, 667, 757, 11, 1048,
1490, ΙΙΙ, 9069, 9104.

Marc Ι, 313, 870, 609, 666, 598,
676, 767, 899, Π, 984, 10791099,
1108, 1136, 1971, 1898, 1338,
1691, 1699, 1648, 1698, 1681,
1649, 1683, 1791, ΙΙΙ, 1734,
1749, 1901, 1904, 1907, 1999,
1943, 1988, 1984, 1989, 9165.

Marktmctm 1, 613.

1111116111 (marscalcus) 1, 60, 57, 63,
78, 76, 109, 104, 164, 168,171,
mmmmmm
313, 318, 319, 390, 399, 870,
408, 489, 646, 684, 661, 718,
793, 11, 974, 1068, 1101, 1115,
1135, 1418, 1419, 1519, ΙΠ,
1869, 9081, 9936.

-, 7111111-- Ι, 800, 839, 11, 1996.

11111111111114 Ι, 668.

1111111111Π, 1439.

martem 11, 1487.

martyrologium 11, 9996.

Maec (1. 1111161111, carrata, 1111111111,
Ecum, m, Fuder, Κ1ι,1’1,101,1111,
111119111111, 413, Π, 1969, 1596,
ΠΙ, 9073.

-, St. Fo'ltncr - 1, 401.

-, St. fficmr 1101111111 Ι, 613, Π,
9949.

-‚ 81111611· - Ι, 708.

-, 91111111 - Ι, 651.

a, Gcmpoldaekt'rchncr -11, 1814.

 

