39

werhen 1616661 6661 66161166 6611 196 669 in ein 6661111111

haben unnd 616 6116116111 6616 dritten 6161 6616 11611616111
696661 6611691161 661 was 196 661666 6111161, 166 66111166 196
166 Η6161116661611 die 166 Η611 und 196 66616111 196 66
1666616611 under einander 6666116166 61161 66661166 661616
6111661, die der 6661696 6616111,16166161166961161666 und
66666166 11611161.

11616 66 661611 6661 9166 6661691166 16166 6616 6661-
1691166 6661 1666611 66611691166 6611 66691666 11 6111611666
und 196 6666116166 611 116666161611 und 66161166 66 1166
11611161, 6116 es in 161 161 1611661611 66 01611169 661-
6161166161.

Item 166 1611 Napperetarff 161 66166166666 6111 1661
11θῆ1616166 rechten, 6116 6611661 frawn gotzhews 166 (11611169
6116116111 161 Γ11166611 161.

11616 6611 61611661 6661 1166661 6161, 166 166 1611661611
6611166666 6616 6111 696661 6161166 6661 6116666 eusdem 61611611
661611 666 6111 66661696, (16 611611 6616 einander wel 611666
6666. Wer 166 611 19611, 161 wer umb 6116111 61666166 66
1166116 und wer ein 61161 16161161 den grabn, 161661611 196
66116166 11661 661611 haben 66 16166616611166 66161611 unnd
69666 1611 661616 161666, 66 661611 6161616111666 (166 6616111
und gebn 161611611616161116166616666116611 6661 1666611
1611 661611 161111 11611 1611161, (19 66111116 6611611 sein, 166
ir 11661 6616611 1616 1166196666. 1)66 ein 16111616666Μ11-
6616 66161 16116 616 66616166 1166111111611111 11691 96 661
616611169111 66 (161 6661661116 661616. 1161111166 116 66161-
16611 6661 19 6666116166 6666 96 1166 und 96 6166 (161 96
(196 1166111111, wer sich 1616161 66161, 16116161111 XII 11. 611
1166116 und 6616116616 166 1661616111 96 196 66616911.

Item 166 1611 6616111616 1169611611 und 1966111666
6166111 66111166 6611616 196 6616696. Wan 1616616161611 segt,
6ο 661611 616 91116161 1616116 1611111. Wer dee 6111161, 161
wer dem riehter XII 11. 66 116611 und 161 66111696 166 166-
wer kh.

gItem 166 1611 6616111616 616 1666611116, (161 6611111669
166 1611 unnd 61661 (1611, wen ein wasser 611111, 166 11116
1116666 1616616616 66 6616166.

Item wer den 6116661 6111 66116161616111111 166 1111,

161 16161111) XII 11. 66166116, und wer den 16666111666 6111

 

