810

1070, 1206, 1234, 1382, 1536,
Π, 1737, 1894, 1932, 2126, 2136,
2158, 2203, 2206, 2208, 2214,
2216, 2236.

ordinarius 1, 220, 655, Π, 912, 942,
1102, 1731, 111, 1932, 1947, 2178,
2197, 2206.

ordinatio 1, 16, 34, 37, 62, 75, 416,
773, 859,11, 918, 919, 920,1206,

1131, 1131, 1313, 1331, 1331,
1444, 111, 1331, 1341, 1113, 1131,
2206.

011113311311311141 11, 1444.

0111113119 11, 1101, 1522, 1653, 1662,

1331, 1313, 111, 1331, 13141313,
2217.

0180 1, 13, 13, 133, 133, 113111,
213, 220, 223, 258, 296, 314, 347,
349, 380, 382, 396, 398, 423, 417,
537, 570, 641, 679, 749, 779, 780,
782, 794, 796, 797, 798, 829, 857,
858, 869, 860, 882, Π, 903, 906,
907, 908, 918, 919, 920, 921, 922,
942, 948, 1014, 1015, 1149, 1167,
1185, 1255, 1258, 1268, 1397,
1407, 1448, 1501, 1574, 1690,
ΙΠ,1737, 1817, 1826, 1845, 1866,
1888, 1889, 1938, 1947, 1967,
2093, 2136, 2162, 2171, 2178,
2183, 2197, 2243, 2268.

31131131, 5, 11, 27.

orientalis ,1313 Ι, 4.

0119141311, 351, 352.

ornamentum Ι, 213, 397, 860, 885,
Π, 1245, 1265.

Ornat 111, 2031, 2054.

311 (111, 31131) 1, 288, 783, 861, Π,
1048, 1059, 1110, 1216, 1282,
1295, 1310, 1388, 1392, 1434,
1457, 1560, ΙΠ, 1771, 1801,1846,
1921, 2063, 2139, 2296.

0111141131, 1133, 141ο,1411,111,1331.

3113 Ι, 860, 885.

ovum (3314311111) 1, 168.

P.

pabulum (1. auch Marchftdter) 1,108,
235, 266, 408.

Ρ113141 Π, 1144, 1338, 1661.

,1113111311 Π, 1474.

Ρ11311111· Ι, 344, Π, 925.

Ρ331111311111111911, 1638, 1728.

Ρ3314114119 I, 210, 308, 611, 449, 552,
670, 791, Π, 926.

Ρ331414117 Ι, 311.

pactum Ι, 50, 69, 70, 96, 101, 124,
179, 373, 398, ΙΙ, 1676, Π1,1947.

pagina Ι, 12, 16, 25, 41, 56, 57, 66,
75, 82, 93, 101, 102, 103, 107,
111, 112, 123, 131, 136,161,162,

, 164, 174, 208, 221, 222, 268, 347,

349, 396, 468, 679, 749, 779, 812,
813, 867, 858, 859, 860, 869, 11,
942, ΙΠ, 2227, 2242.

- conscribere 1, 1.

pagus 1, 2.

palatium 1, 12, 863, 889, Π, 950,
1015, 1016, 1037,1062, ΠΙ, 2182,
2197, 2199, 2268.

,13113 ΠΙ, 1781.

pallium 1, 967.

,1111113 Ι, 168.

,131113(1.1114311 3131) 1, 36, 447, ΠΙ,
2141.

,13111133 ΙΙΙ, 2230, 2235.

Ρ411143111, 1271.

,13,1111131Π, 1947, 2029.

paramentum 111, 2206.

parrochia (pharr, Pfcm) 1, 5, 19,11,
14, 18, 26, 27, 36, 62, 53, 56, 61,
69, 70, 85, 88, 120, 134, 2211308,
354, 359, 360, 319, 376, 377, 378,
424, 443, 611, 560, 674, 678, 688,
697, 600, 606, 608, 614, 619, 620,
624, 629, 633, 640, 641, 642, 647,
663, 666, 682, 683, 689, 690, 694,
697, 700, 708, 717, 727, 761, 754,
756, 762, 767, 800, 808, 814, 821,
826, 833, 835, 831, 847, 852, 856,
871, 873, 877, 886, 888, 890, 898,
Π, 910, 933, 934, 939, 943, 915,
946, 947, 960, 961, 962, 954, 960,
965, 987, 989, 993, 1001, 1005,
1009, 1010, 1014, 1016, 1018,
1020, 1021, 1027, 1033, 1037,
1039, 1044, 1048, 1057, 1062,

 

