111, 1823, 1836, 1860, 1361,
1881, 1897, 2261.

zurflttung 11, 1622, 1684.

1111119111 Π, 1621, 1684, ΙΠ, 1901,
1917, 1860, 1961, 2143.

2111111 Π, 1666.

1111611111Π, 1216.

1111111111) ΠΙ, 1962.

1111111111,1631.

16111181 Π, 846.

1111111111 Ι, 899.

1111111611 Ι, 887, 742, 767, 768, 804,
809, 840; Π, 914, 1023, 1091,
1098, 1233, 1271, 1341, 1603,
1718, ΙΠ, 1921,

zusprueh Ι, 744, 769, 832; Π, 846,
974, 1036, 1139, 1161, 1180,
1193, 1210, 1216, 1228, 1246,

846

1111, 1111, 1111, 1111, 1111,
1111, 1111, 1111, 1111, 111,
1111.

mahen 11, 1111, 111, 1111.

11111111 11, 1111, 1111, 1111, 1111,
1111, 1111, 1111, 1111.

thiflunq 11, 1174.
zuvortigung 11, 1297.

1111111 11, 1111; 111, 1111.
zwaiung 11 1111, 1111, 1111.
1111111111 11, 1111, 1111, 1111, 1111,

1347, 1420, 1469, 1476, 1495,
1486, 1497, 1489, 1670, 1603;
ΠΙ, 1921, 1976.

11111ρί1111 Ι, 387, 436, 467, 478, 744,
768; Π, 1019.

zwisung 11, 1640.

 

