758

48855188 (818841- -, scrumosum) Ι,
843, ΙΙ, 1110, 1173, 1185,1358,
1364, 1581, 1590, 1593, 1594,
1599, 1602, 1608, 1609, 1623,
1626, 1632, 1651, 1653, 1667,
1674, 1684, 1687, ΙΠ, 1781,
1864, 1869, 1872, 1880, 1888,
1901, 1902, 1912, 1917, 1982,
1984, 2047.

1181818558 (ansprach) 1, 182, 199,
232, 307, 313, 354, 392, 404, 469,
510, 511, 526, 531, 536, 541, 559,
566, 582, 603, 647, 674, 689, 694,
697, 711, 734, 768, 821, 825, 836,
ΠΙ, 1017, 1061, 1139, 1190, 1247,
1252, 1277, 1324.

amparem 1, 138, 228, 228, 838134,
250, 422, 430, 486, 575, 635, 687,
695, 717, 741, 769, 784, 804, 815,
827, 834, 853, 861, 875, ΙΙ, 906,
914, 946, 947, 968, 992, 1038,
1555, 1518, 1148, 1151, 1181,
1230, 1233, 1235, 1238, 1248,
1296, 1338, 1357, 1403, 1490,
1712, ΠΙ, 1784, 2114.

8118181188 Π, 1699.

aristen 1, 475, 897.

81115811 Π, 1013.

antecessor 1, 11, 27, 36, 56, 149, 151,
154, 164, 372.

8111881118 Ι, 223.

antipapa 11, 922.

antiquitus 1, 5, 11, 14, 27.

antistes 1, 16, 34, Π, 907.

Α81158(8111188811) 111, 1822.

8811181188 Ι, 898, 11, 945, 994.

881611Π, 1342.

1181158188, sich - 11, 1180, 1278.

11815514 Ι, 533, 647, 670, 711, 767,
815, 879, 895, Π, 910, 953, 970,
994, 1002, 10521054, 1071, 1083,
1087, 1144, 1210, 1227, 1271,
1274, 1280, 1281, 1298, 1301,
1317, 1330, 1363, 1365, 1370,
1414, 1481, 1488, 1485, 1558,
1585, 1881, 1811, 1518, 1515,
1541, 1551, 1588, 1588, 1514,
1695, 1698, ΙΙΙ, 1760, 1778,

1781, 1806, 1835, 1850, 1903,
1975, 1976, 1977, 1988, 1998,
2093, 2095, 2177, 2275.

1888198588 Π, 1356, 1524.

8881181188 ΙΙ, 1214, ΙΙΙ, 2215.

4851681181 Ι, 824, ΙΠ, 2104, 2206.

appellare (appalliarea) Ι, 110, 187,
Il, 1037, 1049, ΙΠ, 1929, 1932,
1947, 2191, 2192, 2193.

4881115658 (appellatio) Ι, 106,110,
115, 116, 117,150, 187, 216,655,
700, Π, 948, 1006, 1037, 1044,
1062, 1119, 1159, 1382, 1397,
1406, ΠΙ, 1929, 1932, 1947,
1956, 1957, 1985, 1994, 2119,
2120, 2121, 2122, 2123, 2160,
2182, 2184, 2191, 2200, 2273.

appendiciae 1, 2, 4, 5, 10, 18, 26.

aqua (a. 8855 Wcrrer) 1, 373, Π, 1102,
ΙΠ, 1877.

aqueductus Ι, 860.

ara 1, 447.

aratrum Ι, 223.

arbait ΙΙ, 968, 994, 1174, 1190, 1280,
1286, 1594, 1599, ΙΠ, 1760, 1781,
1849, 1984, 2093.

arbait, gruen — 11, 1071,

8158118118115811511) Ι, 518, Π, 1274.

41581181 (arbritor) ΙΙΙ, 1781, 1903,
1988, 2052.

arbiter 1, 84, 219, 377, 655,

arbitrari 1, 655.

arbitrium (a. auch 6551811188ιά11 Ι, 64,
65, 83, 84, 125, 296, 655, 672,
718, ΙΙ, 1231, 1427.

arbustum 1, 53, 158.

arca Ι, 718.

archicancellarius 1, 12, 18.

archidiaconus 1, 52, 77, 99, 163, 296,
Π, 932, 1150, 1264, 111, 2021,
2218.

archiducatus ΠΙ, 2178.

archiepiscopus (1585115581) Ι, 7, 41,
77, 194, 204, 212, 215, 216, 217,
218, 220, 261, 302, 335, 343, 514,
598, 604, Ii, 963, ΙΙΙ, 2178,
2185.

archiepiscopatus 1, 8.

 

