796

&mmmmmfflm

fflmfflfflwffi

Kelch (1. auch calix) Π, 1346, 1347,

1fflffimm

Keller (1.911111191111111111) 1, 442, 606,
Μηωωωωω
mm

1991199111, 1136, ΙΠ, 1926.

11811181· (cellerarius, 09171121) Π, 1099,
1139, 1296, 1690.

1711911911 Ι, 790.

Rem Ι, 603, 663, 786, 868, 1131,
1132, 1166, 1187,1214, ΠΙ, 2216.

kerung 11, 1677.

1791111· ΠΙ, 1967.

mmmm

fflLfflmmmm‚
698, 676, 694, 698, 699, 740,
748, 760, 783, 796, 802, 829,
fflfflffifflwfflh
mmmemz
&mmmmma
mmmmmm1
mssstmmmm
111, 1769, 1800, 1816, 1818,
1mffisswmm
1928, 1942, 1982, 2918, 2911,
2176, 2196.

Kinder taufen I, 831.

11111111, 1. ecclesia.

mmmm

Kirchentht‘t'r 111, 1967, 2149.

Kirchyraben ΠΙ, 1781.

Kircklehen 1, 688, 766.

mmm

Kirchweihtay Ι, 711, 831, 899.

Klaqe (11199911) Ι, 66, 79, 87, 100,
ΜΛωΜΛηΜΛη
fflwssmmmm
mfflfflmmffl
712, 744, 790, 816, 816, 826,
812, 818, 811, 819, 899, 11
mmmwmmm
1mmfflwmm
1298, 1801, 1111, 1119, 1121,
1491, 1498, 1666, 1637, 1638,
1640, 1649, 1688, ΙΠ, 1764,
991919619199

2912, 2191, 2119, 2129, 2121,
mmmmmmz
mm.

Klaybn’ef 11, 1298.

ffliiqer Π, 1236.

Kmmmm

Kleidtmq ΠΙ, 1808, 1818.

Κὼὸηοάἑοπ (9111111111) Ι, 614, Π, 973,
mwmmmmw
111, 1736, 1746, 1818, 2168.

Κ791111· Ι, 33, 223, 229, 260, 389,
478, 618, 649, 671, 707, 744,
Mffistmmmh
1911, 1911, 1919, 1191, 1121
mmmemz
Mfflwmmmz
1880, 1111, 1111, 1111, 1911,
fflfflwffifflffl&
mmmmmmz
1mwfflwmm
1938, 1949, 1991, 2121, 2119,
29,29,96,29,29
mmmmm

Kloetersrataen 1, 862.

Κ191111711119 ΙΙ, 970, ΙΠ, 2086, 2277.

1619169 Π, 1342, ΙΠ, 2161.

Knappe 111, 1731.

knoph ΙΙΙ, 2031.

Kom 1, 242, 276, 294, 306, 307, 327,
391, 483, 600, 667, 697, 611, 626,
627, 628, 646, 667, 696, 708, 710,
746, 766, 788, 667, 863, 11, 1010,
1084, 1146, 1190, 1193, 1229,
1247, 1249, 1328, 1330, 1339,
1369, 1366, 1461, 1660, 1664,
1689, 1691, 1676, 1688, 1711,
ΙΠ, 1760, 17961832, 1004, 1967,
1979, 1981, 1989, 2073, 2137,
2166, 2249.

Kone Ι, 262, 466, 483, 614, 711, 831,
ΙΙ, 1161, 1366, ΙΠ, 1336, 2146,
2216.

Krafl (91111111) Ι, 393.

Κνῶηησὶ (1111119111) Ι, 632.

1699111696 Π, 1190, 1243,1263,1649.

Krane 1, 788, Π,1688, ΠΙ,1760, 2093.

Kraulqartm l, 288, 669, 600, 694,
697, 727, 766, 733, 831, 833, ΙΙ,

 

