1012, 1013, 1013, 1022, 1032,

1036, 1038, 1060, 1066, 1067,

⁴ 1076, 1081, 1084, 1086, 1088,
1127, 1138, 1162, 1167, 1161,
1169, 1182, 1133, 1202, 1212,
1216, 1260, 1282, 1287, 1291,
1236, 1236, 1298, 1303, 1306,
1307, 1316, 1337, 1342, 1366,
1363, 1362, 1371, 1388, 1383,
1390, 1337, 1401, 1404, 1406,
1412, 1414, 1440, 1442, 1447,
1448, 1468, 1461, 1471, 1600,
1617, 1618, 1621, 1622, 1637,
1666, 1607, 1611, 1620, 1628,
1630, 1648, 1661, 1674, 1691,
1703, 1706, 1707, 1716, 1724,
ΠΙ, 1739,1742, 1760, 1771, 1780,
1786, 1812, 1818, 1813, 1318,
1921, 1326, 1970, 1982, 2008,
2068, 2062, 2071, 2076, 2033,
2110, 2161, 2166, 2166, 2196,
2212, 2276, 2277.

Handel (handel) 1, 744, 772, Π, 1116,
1166, 1274, 1284, ΠΙ, 1360, 1361,
2027, 2143, 2146, 2220.

handeln 1, 837, ΙΙ, 1086,1128,1178,
1298, 1369, 1413, 1447, 1481,
1486, 1487, 1492, 1666, 1697,
1699, ΙΠ, 1739, 1816, 1832,
1976, 1977, 1988, 2062, 2086,
2220, 2276.

Handseote (hantfeste,hantv0³t) Ι, 181,
206, 209, 387, 431, 463, 776, Π,
1063,1410.

Handltmq (handlung) Ι, 666, Π, 1061,
1236, 1301, 1413, 1439, 1493,
1670,1673,1628, 1660, 111, 2277.

Handachlaq H, 1224, 1731.

Handtuch 11, 1164.

Handwerlcer 111, 1781.

har (= maesta) Ι, 468.

hart (= Haar) ΙΙΙ, 1781.

Ηᾶήηρ ΠΙ, 2244.

ΗσνπίεοΙι (hamach) 11, 1683, ΙΙΙ,
1887, 1943, 2143.

Haeo Ι, 683.

Hem Ι, 832.

1160601666) 111, 1941.

⁷⁸7

hauan (hawen) Π, 1071, 1131, 16003
ΙΠ, 1760, 1978.

Haufen ΠΙ, 1781.

Haupt (ein hawpt) Ι, 636.

prtqut Ι, 261, 443, ΙΙ, 910, 936,
mmfflmmmm
mmm.

Hammona Ι, 278, 307, 336, 443,
Ιηωωωηωωωω
stmmwwmm
Qmmmmwm
1633, 1636, 1640, 1642, 1606,
mwmmmffim
1676, 1689, 1636, ΙΙΙ, 1739,
1870, 1872, 1301, 1307, 1312,
ιω, ww‚1mQ wn‚1w&
1376, 1977, 1330, 2002, 2010,
2013, 2067, 2086, 2143, 2161,
memmmm
mmmmwfflm
2277.

mmmfflfflfflffl&
323, 348, 387, 330, 436, 437, 446,
461, 466, 474, 614, 616, 633, 679,
681, 636, 688, 632, 636, 638, 706,
Μωωωωωω,
mmmmmmm
816. 820, 828, 842, 878, 873, 887,
838, 833, ΙΙ, 302, 306, 366,1013,
mwmmmffim
fflfflwmmmffl
1210, 1215, 1226, 1228, 1236,
fflwmmfflQffl
mmmmsswm
1412, 1414, 1417, 1441, 1443,
mmmmfflwm
mmmmfflwm
1710, 1713, 1716, ΙΠ, 1734,
mwmmfflQm
mmmfflsswm
mmmmmmm
mmmmmmm
2096, 2108, 2166, 2136, 2211,
2217, 2273.

Ham (= Fau, e. auch Bury, castrum,
mmmmmmmm
493, 664, 831, 864, Π, 963,1091,
1126.

60*

 

