ossuweiq, Pfarre:

Jans Ι, 13606676, 13606676,
6136166836 111, 136963331 8.

Ulreich 1. Ι, 13601677, 13606
678 8., 13606679, 13606680,18606
681 8., 13616683, 13616684 8.,
13616686 8., 13616387, 13616689,
13616690 8., 13616691, 13616693,
13616693 8., 13636694, 13636696,
13636696, 13636697, 13636699,
13636600, 13636601, 13636603,
13646606 8., 13646606, 13646609,
13646611, 13666616 Z, 13666616
Ζ, 13666617 Ζ, 13666618, 13666
619, 13666630 8., 1366663111,
der Totzenpekch 1, 13666633,
13666633, 13666634, 13666636
8., 13666630, 13666631, 13666
633, 13676639,13676641 8., 13676
643, 1361664413616646, 13616
647, 13686649, 13686664, 13696
6668, 13696666, 13696667, 13696
663, 13696663,136966668., 13696
6668, 13706667, 13706668,13706
663, 13706670, 13716673, 13716
673.

1116161111. (Pirichfelder) 113166
671 8., 13716673 8., 13716673 8.,
13716677 8., 13716678, 13716681
8., 13736683,13736684, 13736686
8,, 13746690, 13746693 8., 13766
693, 13766694 8., 13766696, 13766
636 8., 13766697, 13766 700, 13766
761, 13766703 S, 13766706 8.,
13766708, 13776710 8,, 13776711
8., 13776714, 13786716 8., 13786
716, 13786718 8., 13786737, 13796
733, 13796734, 13796736, 13796
736, 13806738, 13816743 8., 13816
744, 13816747 8., 13836749, 13836
760, 13846767 8., 13846768 8.,
13876786, 13906809, 13966868,
13966869.

Friedrich Π. (Τ3611161) Ι, 13866
773, 13866773 8., 13866774,13866
776 8., 13866778 8,, 13866781,
13866783 8., 13876786 8., 13876
791,13886793, 13886793 8., 13886

639

86066649, Psam:

796, 13886796, 13886799, 13896
803, 13896804, 13896806, 13896
806, 13896807, 13906809, 13906
816,13906817 8., 13906818, 13916
836, 13916837,139368388., 13936
833, 13986834, 13946837, 13946
839 8., 13966861 8., 13966868,
13966869, 13976864, 13976866 8,,
13976866, 13986873 8., 13996884,
4614076968.

331131111ΙΠ. 6113333116641, 13996
878, 13996879, 13996880 8., 13996
881, 13996883, 13996886, 13996
886140068948, 14006896 8., Π,
14016960 8., 14016901, 14016903
8., 14016903, 14016904, 14016907,
14016908, 14036910 8., 14036913
8., 14036914, 140369168, † 14036
918, † 14036919, 14036330.

Peter H. 6839611611 11, 14036
917, 14036918, 14036919, 14036
3361463611, 14636333, 14636
934 8., 14036936, 14036936 8.,
14036937, 14036939, 14036930,
140369318, 14036933, 14036933,
14636334614646336, 14646333,
14646346, 14646341, 14646344 6.,
14066946, 14066947 8., 14066949
8., 14066964,14066960, 14066963
8., 14076964,14076968, 14076969,
140869718, 14086973, 14086974,
14086977 8., 14086978 8., 14086
979, 14096981, 14096983, 14096
983, 14096984 8., 14096986 8.,
14096990, 14096991, 14096993,
14106994, 14106996, 14106997,
14106998, 141061000 8., 14106
1003, 141061004, 141061006 S.,
141661666141161666, 141121011
8.,1411610128, 141361016, 14136
1018,141361031,141361033, 14131
1034141361036, 141361037,14136
1633,1413614131,14136163314146
1034,141461036, 141461036,14166
1038,141661047, 141661066,14166
1067,141661069, 141661060,14166
1061,141661066,141661068, 14166

 

