W

mfflfflfflffim
wwmmwammfflm2

1166616661 (6666611111) Ι, 559, 783.

mmmmmmmmffl2
mmmmmm
w2fflw9maenm
mmfflmmm
mmmmmm
mmmmfflffl
8433 II, 979, 984, 994, 1013,
mwwmffim
mmmem
1226, 1228, 1249, 1299, 1211,
1216, 1266, 1266, 1666, 1612,
mmwfflmm
mwwfflmm
mmmwmm
fflwmwmm
mfflwwwm
mmwmmm
mwwmmffi
mfflffimwm
mwwmfflm
mwwwwm
ffimwwmm
mmwwwm
2068, 2070, 2077, 2080, 2082,
2666, 2666, 2662, 2161, 2116
mmwwwm
mmmmmm
2217, 2220, 2225, 2265.

mefflmmm
&mmmmm
mwmmwm
mmwmwm
1278, 1281, 1286, 1307, 1326,
mmmwmm
mmmmfflm
mm

mwffifflm

mmmmfflmwm
mmmmm&
1850, 2154.

Ν111611166611119 u. -166111 Ι, 287, 308,
mflmffifflmfflz
mmmwmm
mmmwmm
mewm

mmmmmmm
Qfflfflfflfflmm
611, 1111, 1212, 1666, 1611,
mfflmm

0

6561611611 (6661111611 = Obriqka't) Π,
1663, 1684, ΙΙΙ, 2073, 2146.

61116666τί66 (0616166, obloyer) 1, 196,
447, 466, 483, 807, ΠΙ, 1934,
1957.

6ω1666Η6Μ
mfflmfflmm

oblatus (011616) ΠΙ, 1950.

05161· (omagium, oblay, oblagia) 1,
199, 240, 273, 276, 277, 282,
338, 374, 380, 383, 398, 413,
423, 436, 462, 461, 466, 471,
481, 483, 499, 523, 531, 669,
667, 584, 604, 663, 666, 672,
692, 703, 706, 733, 752, 754,
760, 761, 764, 766, 776, 773,
783, 765, 789, 795, 810, 825,
840, 866, 870, 872, 886, 896,
11, 661, 616, 621, 621, 616,
984, 1010, 1031, 1080, 1148,
wfflfflmmm
2175, 2236.

0561116116 Ι, 703.

0516166661· Ι, 273, 277, 413, 559,
684, 666, 778.

obligare Ι, 63, 64, 65, 83, 84, 106,
133, 154, 167, 160, 162, 164,
178, 183, 184, 191, 200, 201,
221, 258, 266, 271, 274, 347,
349, 372, 509, 602, 639, 656,
718, 807, 858, 859, Π, 993,
1167, 1264, ΙΠ, 1737, 1866,
2024, 2158, 2203, 2206, 2236.

obligatio Ι, 64, 126, 126, 656, 677,
11, 907, 908, 1070, 1162, 1264,
1323, ΙΠ, 1932, 2185, 2276.

0611161611, 689, 690, 656, Π, 940, 1119.

oboedire 1, 117, 796, ΙΙ, 922, ΙΙΙ,
2230, 2235.

oboedientia Ι, 50, 223, 639, 846,
&mmmmm

 

