806

muudtkneoht 11, 1698.

munire Ι, 161. sigilli impressione -
Ι, 69, 70, 89.

munster I, 483.

usim (moneta), baare - Ι, 634.
&tschsr -— ΠΙ, 1997.
gamains - 1, 986, 993.

Praqer - 11, 1093.
Ratsaponemsa — 1, 41.
Salzburyes· - Ι, 331.
schwarze - 1, 331.
usualis- Ι, 167, ΠΙ, 9094.

- Wionnsnsis 1, 66, 83, 84, 96, 130,
168, 169, 911, 998, 933, 973, 976,
977, 988, 999, 313, 367, 378, 401,
491, 446, 460, 466, 466, 479, 483,
486, 610, 611, 616, 631, 636, 676,
619, 698, 689, 733, 831, 864, Π,
1060, 1193, 1139, 1169, 1190,
1313, 1337, 1344, ΙΠ, 1964.

Ms‘t'nmeister Ι, 696, 669.

murale Ι, 6, 11, 97.

murus (s. auch Moser) Π, 1047,1946,
1964.

muossig ΠΙ, 1997, 9006.

musssigen Π, 1608, ΙΠ, 9097.

musieren ΠΙ, 9031.

Mum (ε. auch modius, muti, mut) 1,
961, 308, 311, 600, 616, 667, 676,
697, 606, 610, 696, 697, 698, 646,
667, 670, 696, 708, 788, 791, 899,
Π, 984, 1084, 1139, 1146, 1168,
1190, 1947, 1949, 1969, 1304,
1396, 1330, 1369, 1366, 1409,
1430, 1444, 1469, 1480, 1636,
1664, 1660, 1664, 1686, 1688,
1689, 1691, 1611, 1684, 1688,
1711, ΙΠ, 1760, 1766,1796,1837,
1869, 1883, 1891, 1904, 1979,
1981, 1989, 1991, 9066, 9064,
9073, 9091, 9094, 9103, 9137,
9166, 9166, 9901, 9909, 9911,
9944, 9946, 9949.

mutuare Ι, 31, 193, ΙΠ, 9903, 9914.

mutuum 1, 36, ΙΠ, 1843.

mfltwilisn 1, 666, Π, 1496, 1683,

111, 1781.
myunsrung Π, 1490.

Ν.

Nachbar (nachpaur) 1, 466, Π, 1030,
1071, 1090, 1116, 1130, 1133,
1137, 1144, 1174, 1176, 1910,
1996, 1978, 1981, 1986, 1600,
1614, 1636, 1663, ΙΠ,1760,1760,
1776, 1781, 1967, 9093.

Nachfolyer Ι, 983, 986, 344, 400, 493,
648, 684, 868, ΙΙ, 931, 946, 966,
989, 1036, 1089, 1361, ΙΙΙ, 1863,
9916.

nachgehen Π, 1683, ΙΠ, 1988.

nachgustsr Ι, 977.

Naciskommm Ι, 940, 404, 469, 479,
610, 616, 690, 631, 636, 646, 666,
676, 689, 684, 641, 666, 663, 674,
676, 691, 703, 711, 767, 769, 766,
783, 890, 896, 831, 836, 848, 869,
Π, 993, 938, 944, 964, 966, 970,
974, 979, 1068, 1061, 1089, 1091,
1101, 1131, 1139, 1133, 1161,
1174, 1178, 1190, 1978, 1979,
1980, 1981, 1986, 1998, 1307,
1347, 1369, 1369, 1490, 1494,
1438, 1469, 1699, 1679, 1717,
ΙΠ, 1749, 1819, 1868, 1991, 1968,
9033, 9093, 9101, 9179, 9184,
9917.

Naaman Ι, 306, Π, 1073, 1176, 1338,
1496, 1438, 1467, 1630, 1730,
ΠΙ, 1990, 1969, 1963, 1964,
9901.

naehlsssen Π, 1096.

Nacisrichter Ι, 899.

nschzsiten 1, 617.

Nachtas‘dinq 111, 1764, 1781.

Naaman 111, 1943, 9179, 9990, 9966.

Nachtls'cht Ι, 890.

naehtssids 1, 944, 468, 638.

nachtsidl ΠΙ, 1781.

Naqel II, 1689, 1606‚1688; ῙΠ,1776.

Nahrunq ΙΙ, 1699.

Names ΙΙ, 1349.

nauta 1, 73, 699.

navigium I, 666.

nawfart ΙΙ, 1096.

Nebmsassen 1, 767, Π, 1191, 1144.

 

