776

1133, 1224, 1278, 1341, 1667,
ΠΙ, 1739, 1781, 1992, 2102, 2161,
2181, 2220, 2266.

Eidam (6. 2223216622) Ι, 616, 617,
bumwffiwwmm
1238,1710.

1136962266621, 666.

Effer 1, 306, 307, 327, 400, 406, 669,
swwfflmmmwm
1339, 1344, 14161469, ΠΙ, 1811,
2134.

1736νᾶ76261 ΙΙΙ, 1860.

fflyen Ι, 246, 286, 307, 316, 638, 666,
619, 629, 726, 733, 874, 876.

2292, fretas - 1, 228, 268, 290,
292, 296, 300, 304, 306, 307, 318,
319, 323, 327, 330, 333, 336, 338,
340, 376, 391, 427, 674, 733, 800,
842, 888, 892, 893, 11, 900, 916,
1038, 1107,1148, 1349, ΙΙΙ, 1892.

3196272161, 31, 278.

Eiqemchaflsffbertraytmq Ι, 12, 418.

Wymhumnecht 1, 228, 468, 471, 481,
626, 629, 683, 691, 719, 800.

Eimer (emmer, empmer) I, 264, 293,
324, 433, 439, 467, 626, 667, 673,
mffimffimmw

746, 766, 772, 820, 867, 11, 911,
916, 994, 1034, 1061, 1061, 1087,
1198, 1211, 1260, 1262, 1280,
1296, 1314, 1316, 1317, 1340,
1389, 1396, 1396, 1447, 1466,
1467, 1600, 1637, 1641, 1648,
ΠΙ, 1736,1748, 1760, 1766, 1769,
1797, 1806, 1969, 1978, 1986,
2009, 2134, 2147, 2166, 2217.

6366792962 Ι, 899.

13962621 Π, 1393.

Einfuhr Π, 999.

6326211621, 768.

6721962266 - Π, 940.

1712332361, 139, 268, 331, 624, 706,
716, 724, 868, Π, 966; ΙΠ, 1764,
1983, 2121, 2122, 2123, 2164.

61212622 ΠΙ, 2118.

Efnzaqer 1, 664, 670, 726, 760, 839,
861, 876, ΙΙ, 916, 962, 963, 1000,
1011,1162.

Balantum (inlayttung) I, 831.

6122662222 ΠΙ, 1970, 2146.

Ememm

Eimpnoeh ΠΙ, 2276.

61212262 (dm 17166) Π, 1420.

Εἰπυοπιαήηιε Ι, 136.

Etnweihmtq (einwet'hen) 1, 226.

Eis 11, 1026.

Einbaum (oyspawm) ΙΠ, 2012.

134262 Π, 1606, 1688.

2121222222622

elemosyna (22172212) Ι, 62.

electio (eligere) Ι, 23, 28, 34, 124,
164, 219, 666, ΙΙ, 918, 919, 920,
Μ2Μ2Μ2ωωω
ΜΛΜΗΜΜῌΜ
mmm

emendatio (emendare) 1, 34, 161, 164,
266, ΠΙ, 1847, 1866.

emero (2. auch hausen) 1, 380, 414,
mfflwmm

emtio (226611 Kaus) 1, 96, 163,196,
238, 898, 672, 673, 718, 812, Π,
1266.

empfmym 1, 293, 416, 691, 890.

ΜΜΜΜΜβΜΜΗ
167, 190, 634, 636, Π, 904, 932,
990, 1023, 1144, 1186, 1430,
1436, 1446, 1626, 1626, 1704,
ΙΠ,1930.

emphyteuticum, e. ius.

62 (662 -- ammam) 1, 776, Π,
1063, 1064.

engolton 1, 666, 682.

62161162 Ι, 663.

engfremdm (entphrssmden) 1, 744.

lmen 1, 246, 294, 868, Π, 1675,
1693, ΠΙ, 1733,1921, 2027.

momen Π, 1491, 1729.

Μωωωωωω,
840, 871, Π, 966, 992, 1073,
1078, 1080, 1098, 1233, 1268,
Μμωωῆωωω
ιωωηω6ωηω
1734,1766.

6266661162 ΠΙ, 1886.

mnam II, 1413.

62126262 ΠΙ, 1967, 1976.

 

