Beschildiquny II, 1496, 1550, 1593,
1599, 1628, 1683, ΙΠ, 1943, 1983,
2097.

5511551555 jare (= 5115515119) I, 698,
Π,1305.

1111115111 (5511115555) Ι, 596, 790,
ΙΠ, 1781.

51111115 (55151155) Ι, 766, ΠΙ, 2143.

3111115115 ΙΠ, 1907.

5511111155 Π, 1555.

311111 (possessio) I, 34, 41, 49, 50,
57, 66, 82, 83, 103,105,110,114,
116, 117, 161, 136, 140,145, 148,
149, 150154, 157, 158,176,178,
fflfflmmmmm
254, 283, 301, 372, 373, 399, 408,
433, 436, 439, 448, 450, 493, 523,
529, 558, 567, 583, 607, 621, 630,
645, 648, 652, 748, 795, 812, 813,
850, 860, 876, 883, 889, 891, Π,
907, 908, 942, 963, 1200, 1295,
1303, 1328, 1352, 1397, 1464,
1691, 1694, 1716, ΙΠ, 1736,
1927, 2054, 2063, 2069, 2071,
2084, 2154, 2158, 2175, 2178,
mmm

- corporalis Ι, 101, 571, 720, 782,
790, 798, 857, Π,903, 942, 1040,
1119.

- 1151115111, 28.

— longaeva Ι, 64, 65.

- tricennaria Ι, 50.

1151551555 Ι, 1347.

3111151155 ΙΠ, 2119.

5111115151, 766.

51111111 (5511515) Ι, 354, 466, 551,
603, 665, 757, 768, 820, 899, Π,
1019, 1133, 1174, 1263, 1281,
1285, 1286, 1557, ΠΙ, 1988,
2265.

3111111155 (55111555) Ι, 437, 465,
663, 820, 832, Π, 11161151, 1303.

3111535155 (confirmatio) Ι, 10, 11,
12, 14, 16, 18, 26, 27, 34, 36, 49,
5551555551
1163, 1397, ΠΙ, 2208.

3111111111 (= Ρ11111) Π, 1280, 1310,
fflmwmmwffl

W

16551721, 111, 1807, 1927, 1986,
an

311115551111(ε 111151155511, 994,
1372.

mmwffln

3511515111111, 1365.

ΜΜΠΜΠΛΜ.

5111111111 Ι, 475, 484.

1151111155 (= 55111115) Ι, 772.

5111111115 ΠΙ, 2072.

bestisi& 11. 5561151111 I, 293.

6511115155 (1111111155 = 5111111115,
5511515511, 5511151555) Ι, 354,
15Μ15Μ55ηω,
mmmwwmm
1694, 1611, 1111, 1663, 1689,
1723, ΙΙΙ,1922, 1957, 1960, 1961,
Μ55Μ55Μ
2265, 2275,

betaidingon 111, 1983.

155ΜΛΜ555555
ΠΙ, 1806, 1921, 2052.

3115115155 (311115111σῖ11) Ι, 514, ΙΙ,
mmmmssfflm
mmmmm

315111115111 (555151151515) Π, 1351.

5115151111(5555155) I, 466.

5111111151, 485.

5555155 ΙΙ, 1013, 1499.

3111515111, 736.

biennium Ι, 93, 112.

3111 (1, 5515151511115) I, 168, 264.

mmmmwmmmn

51111115 (515115) 11, 1133, 1500, ΙΙΙ,
1978.

biretum 111, 1893, 2206.

mnfflmffl.

31111 (pst, 55115) I, 210, 575, 637, 766,
783, 868, 11, 974, 1058, 1091,
ΜΜΜΜΜΜΜ
1285, 1312, 1331, 1360, 1365,
1369, 1410, 1448, 1472, 1482,
1627, 1650, 1663, 1682, 1690,
1709, 1725, ΙΙΙ, 1732, 1746,
fflmwmmmm
immmmmwm
mmmmmww
2196.

 

