540

0111113119,Ρ]ἀ1τ11

1071 8,, 141611072, 141611075,
141711077,141711078, 141711080,
141711084,141711087, 141711088,
141711089,141811090, 141811091,
141811094,141811095, 141911096,
141911099, 142011104 8., 14221
1111,142211112,142311114, 14231
1116,142311117,142411118, 14241
1120,142411121, 142411123, 14251
1126,142611190142611131, 14261
1132,142611133,142611134, 14261
1136,142911141,142911144, 14291
1146,143111152,143111153, 14311
1154,143111158,1402-143111161
S., 1402-1431111628., † 14321
1171, 143411189, 1438112351 ΠΙ,
111312234.

Lucas II. Π, 143111160, 1431-
143211163143211165, 143211167,
143211169,143211171,143311175,
143311177, 143311178, 143311179,
143311180 8., 143311181, 14331
1182, 143411186, 143411187, 14341
1188, 143411189, 143411190, 14341
1192143411193, 143411196, 14351
1199 8., 143511200, 143511202,
143511204, 143511208, 143511209
8., 143511210, 143611212 8., 14361
1215,143611216,143611219, 14361
1220,143611221, 143711224, 14371
1225, 143711227, 143711229, 14381
1133, 1133111133,113311134,1133;
1133, 1433111111, 1433111133,
143911244,143911245, 143911247.

Wolfgang 1. Π, 143511198.

Thomas (Thamon, Thoman, Tha-
man) H, 143911248, 143911249 8.,
144011250, 144011251, 144011252,
144011253, 144011255, 144011259,
144011260,144011261,144011262,
144011263, 144011265, 144011266,
144011207, 144111268, 144111269,
144111270, 144111271, 144111272,
144111273, 144111275, 144211276,
144211277,144211278,144211279,
144211280, 144211281, 144211282,
144211285, 144211286, 144211287,

amq, Psarre:

144211288, 144211289 8., 14431
1292,144311293, 144311295, 14431
1296, 144311297, 144311298 8.,
144311299, 144311301,144311302,
144311303,144311305, 144311306,
144311307, 144311308, † 1446:
1392, 1454113901ΙΠ, 146911750.

«1351113113, Π, 1444113108,
144411311, 144411313,144411314.

Wolfgang 11., 11, 144411317,
144511320, 144511321, 144511322,
144511323, 144511324, 144611328,
144611329, 144611330,144611331,
144611333, 144611334, 144611385,
144611338, 144611339 8., 14461
1340,144811350,144811353,14481
1354 8., 144811356, 144911358,
144911359, 144911360 8., 14501
1363, 145011365, 145111370, 14511
1372, 145111373, 145211375, 14521
1376, 145211378, 145211381, 14531
1387, 145311389 8., 145311390 8.,
145311391, 145411392,145411395,
145411397, 145411398, 145411401,
145411402, 145411403 8., 14541
1404 8., 145411407, 145511408,
1411511409, 145511411, 145511412,
145611414 8., 145611416, 14561
1417, 145611418, 145611410 8.,
145611420, 145611421, 145611422,
145611423, 145611425,145711426,
145711427, 145811453, 145811465,
146411630, 146411634, 146511672,
146511679, 146511681,146511684,
146511704, 146611713.

51111111 (113111) Π, 145711427,
145711429 8,, 145711430, 14571
1432,145711433, 145711434, 14571
1435,145711436,145711437, 14571
1438, 1411711439, 145711440, 14571
1442, 145711444, 1457114-45, 14571
1446, 145711447, 145711448 8.,
145811450, 145811451,145811454
8., 145811456, 145811461 8.,
145811462, 145911471, 145911472
8., 145911474, 145911476 8.,
145911478 8., 145911479, 14591

 

