792

,11111116 Ι, 179, 226, 267, 270, 273,
277, 282, 308, 319, 326, 338, 376,
389, 437, 483, 616, 631, 661, 603,
663, 666, 706, 746, 766, 778, 786,
787, 817, 820, 836, 841, 848, 868,
Π, 916, 943, 970, 999, 1010,
1036, 1131, 1136, 1187, 1196,
1384, 1388, 1448, 1467, 1616,
ΙΠ,1742, 1927, 2104, 2106, 2107,
2176, 2216, 2212, 2232, 2260.

18111181 Π, 1163.

ieiunium 111, 1889.

jetten 11, 1133, 1660; ΠΙ, 1978.

181181181168811811) Ι, 168, 288, 334,
367, 674, ΙΙ, 1069, 1061, 1198,
1244, 1279, 14481716, ΠΙ, 1781,
1801, 2060.

1818861111 res Ι, 296.

immunitas Ι, 161, 679, 812, Π,1206.

impedimentum 1, 109.

1816818181 Ι, 60, 64, 66, 76, 96, 118,
Π,942, 1206, 1379, 1382, 1611,
ΠΙ, 1711, 2178.

1816811818 Ι, 118, 219, ΙΙ, 1206, 1601,
1639, ΙΠ, 1893, 1932.

11868818 ΠΙ, 2186, 2203, 2207.

1186818181, 73,

1816811818 1, 60, 126.

impignorare ΠΙ, 9221264.

inbringen 11, 1607, 1629, 1723, ΠΙ,
1913.

incarcerare 111, 2183.

188811881811Π, 1873.

11181818 Ι, 30.

18818181 Ι, 8.

incorporare Ι, 372, 782, 796, 798,
866, 867, Π, 903, 907, 1146, 1197,
1264, 1364, ΙΠ, 1764,1768,1874,
1876, 1974, 2064, 2088, 2119,
2169, 2210, 2277.

incorporation 1, 863, Π, 903, 964,
996, 1146, 1329, 1333, ΙΙΙ,1768,
2183, 2206.

inculto, 188118.

indemnis Ι, 602.

indigentia 111, 1972.

induciae 1, 107.

indulgentiae (Atlans) Ι, 128, 161, 176,
177, 204, 397, 677, 679, 720, 766,
782, 812, 822, 867, 882, Π, 937.

industria Ι, 296, 447, 807, Π, 918,
919, 920, ΠΙ, 1974.

1818181818, Π, 1266.

1818116881, 1038.

infeudare Ι, 160, Π, 922.

infirmaria Ι, 196, 11, 1047.

infirmarius Ι, 221.

infirmitas Ι, 216, ΠΙ, 1867,

18618181 Ι, 30, 397, ΙΙ, 1636.

-orum magister Ι, 413.

infriden 11, 1061.

1861111 Π, 1274.

11161118 (1818118) Ι, 67, 114, 161, 208,
236, 408, 846, ΙΠ, 1974, 2160,
2206, 2206.

inhibitio ΠΙ, 2186.

inladung ΙΙ, 1622.

18186811 Ι, 316.

inliegen 11, 936, 1097.

1881881, 669, Π, 1278.

18888188 Ι, 676, 641, Π,984, 1281,
1286, 1306, 1342, 1629, 1630,
1684, 1724, 1Π, 1912, 2007, 2086,
2244.

1111188181 Π, 1226, 1228, ΠΙ, 1781,
1862, 1864, 1917.

inobedientia ΠΙ, 1967, 1972.

1868181118 Ι, 2, 116.

inquirenda, 8688811111.

inquirere 111, 2197, 2277.

inquisitio ΙΠ, 2197.

inquisitor 111, 2236.

181818Π, 1688.

inscriptio 111, 2024.

insignire impressione sigilli 1, 1, 2, 18.

11111αᾶ18188 Ι, 624, Π, 991,1134, ΙΠ,
1966, 2020, 2233.

1111188111 1, 109, 111, 162, 164,167,
174, 204, 213, 222, 447, 796, 798,
807, 868, 869, 886, Π, 942, ΠΙ,
1932, 1947, 2028, 2182, 2186,
2208.

18111181 Ι, 107, 169.

instituere (institutio) Ι, 62, 83, 92,
149, 372, 718, 782, 796, 798, 866,

 

