W

Wimberq (Wimborchk 0.W.W.) Π, ’

16491643.

Wim ersperg (Wymersperg b. Wach·
sonborg 919. thtweig 0.w.w.) 111,
2069, 2104.

Wimpam'uq (wintpozzing, Wintpas·
sing, Wympaissing, Wintplssing‚
G.·B. 61. Ρ611611 O.W.W.) 1,
603, 666, Π, 1004, 1161, 1211,
1223.

-, Bou)..- Phylipp 1, 13631603,
13691666, 1111111611 Ρ16116111111161161
Π, 143111123, 11661111, 13631603,
196926613 Margret 1116 1161166116
ΙΙ, 1410210043 Weber Ι, 13631
603, 13691666,

1176666616(Πί11611166611611006.),Ρ]α1·1·1.·
ΙΙΙ, 1139.

111611 (91166116, 1111611116, Wyenna) Ι,
96, 106, 101, 118, 130, 132, 149,
163, 164, 166, 161, 114, 193,
208, 209, 210, 211, 212, 226,
236, 243, 249, 260, 263, 211,
281, 284, 286, 291, 299, 311,
312, 341, 344, 346, 348, 369,
310, 318, 381, 393, 394, 408,
414, 428, 436, 441, 461, 460,
412, 418, 613, 611, 624, 662,
663, 666, 666, 610, 613, 616,
mmmmmffi
696, 601, 609, 616, 611, 623,
626, 621, 628, 632, 633, 644,
660, 662, 661, 668, 669, 662,
680, 686, 691, 102, 106, 101,
109, 116, 118, 119, 129, 131,
138, 146, 116, 119, 180, 188,
190, 193, 194, 196, 191, 198,
800, 801, 816, 823, 824, 821,
829, 839, 842, 843, 830, 862,
866, 881, 899, ΙΙ, 909, 928,
936, 938, 964, 964, 969, 996,
999, 1002, 1018, 1021, 1062,
1666, 1661, 1666, 1666, 1616
1083, 1096, 1101, 1119, 1120,
1134, 1136, 1136, 1140, 1141,
1143, 1146, 1149, 1163, 1166,
mmmme
mmwwmm

Qmmwmm
1161, 1166, 1166, 1116, 1111,
mmwfflmffl
mmwmffl
fflfflwwwm
1661, 1666, 1661, 1666, 1116,
1116, 1116, 1116, 1116, 1111,
mmmwffiffl
lffiwmwwm
1161, 1166, 1161, 1116, 1166,
mmwfflmm
mmmmwm
1616, 1611, 1616, 1616, 1616,
1666, 1616, 1666, 1661, 1661
fflmmwmm
mwmwffim
wwwmfflffl
1849, 1991, 1999, 1919, 1616
1616, 1661, 1666, 1666, 1661
1666, 1661, 1666, 1611, 1611,
mmwwmffl
mwwmmm
mwwmmffl
mmwmfflm
wmQfflwmm
mmmmmm
mmmmmm
mmmwwm
1111, 1116, 1116, 1116, 1161
mmwmmm
ffimwwwffl
mwwmmm
mmmmmm
mmwmffim

111616111611111 111, 2119, 2120, 2121,
2122.

-, Κ6161611 81 ’1116666111 ΠΙ, 1886;
St. Jacob 6111 1161 Η61111 I, 101,
168; ΠΙ, 1116, 0611116Ιὶ161 ΙΙΙ,
1936, st. Lorenz, Nonnenkl. ΙΠ,

2184; st. 16611616166116661166-
666111. ΙΙΙ, 1949; 66111616, Non·
11661111, 3901061 6611611611 Ι, 43,
81, 101, 624, 6101 ΙΙ, 923, 1018,

mmwmfflm
1119, ΠΙ, 1163, 1166, 1914,
1916, 2146, 22331 6606116611661
1, 119194, 191.

 

