717, 729, 736, 744, 767, 766,
767, 766, 769, 776, 783, 784,
188, 188, 818, 888, 888, 881,
836, 836, 844, 860, 862, 864,
890, 892, ΙΙ, 910, 923, 930, 936,
938, 943, 973, 979, 986, 994,
1888, 1818, 1818, 1818, 1888,
1881, 1888, 1888, 1881, 1888,
1818, 1888, 1881, 1881, 1888,
1888, 1888, 1181, 1188, 1118,
1118, 1188, 1188, 1188, 1188,
1188, 1118, 1118, 1118, 1181,
1118, 1111, 1118, 1188, 1888,
1888, 1888, 1888, 1818, 1818,
1888, 1888, 1811, 1818, 1888,
1888, 1888, 1888, 1888, 1888,
1818, 1888, 1888, 1888, 1811,
1342, 1347, 1360, 1361, 1362,
1366, 1366, 1370, 1376, 1386,
1188, 1188, 1118, 1118, 1188,
1881, 1818, 1881, 1888, 1888,
1647, 1666, 1688, 1692, 1694,
1188, 1181, 81, 1188, 1188,
1118, 1188, 1188, 1881, 1818,
1832, 1860, 1883, 1891, 1918,
1927, 1933, 1948, 1966, 1976,
1982, 1988, 2002, 2007, 2011,
2062, 2066, 2076, 2086, 2093,
2128, 2160, 2189, 2234, 2273,
8811, 8818.

urlaub I, 334, 620, 682, 661, Π,
1298.

8118868811, 1181, 1628.

8188 (818) Ι, 162, 168, 200, 201,
413, 602, 773, 807, Π, 1432,
111, 1888, 8818, 8818.

81111111, 88, 111, 188111, 118,
663, 682, 690, 768, 769, 863, Π,
960, 1013, 1019, 1033, 1037,
1888, 1811, 1888, 1888, 1118,
1236, 1273, 1370, 1406, 1418,
1188, 1811, 1888, 1888, 1881,
ΙΙΙ, 1744, 1896, 2002, 2119,
0100, 0101, 0100, 0100, 0100,
8118, 0101.

1111118111, 1000, 1188.

011681ὺῇ3119 Ι, 064, 11, 1033, 1037,
1888, 111, 0101.

831

Urtheihuchreibor ΙΙ, 1306, 1366.

88818 ΙΠ, 1994.

usurpare Ι, 111, 208, 236, 408.

8888 Ι, 32, 34, 62, 76, 111, 124, 749,
867.

ususfructus (1111161988888) Ι, 104, 296,
300.

utilitas 1, 1, 2, 6, 11, 12, 18, 27, 62,
64, 66, 126, 149, 164, 171, 217,
314, 677, 714, 718, 773, 782,
807, 867, 868, 869, ΙΙΙ, 1932,
2182.

V.

188818 Ι, 103, 112, 164, 162, 268,
296, 347, 349, 396, 463, 671,
714, 720, 779, 796, 798, 869, ΙΙ,
903, 918, 919, 920, 921, 937,
942, 966, 1040, 1096, 11191169,
1323, 1329, IH, 1782, 1932,
1994, 2126, 2128, 2210, 2244.

1111811, 1118111181. “

18888 1, 296, 860, 886.

18811 II, 1089.

vacuari Ι, 220.

1811181, 223, 11, 1264, ΙΠ, 2168.

1811181Π, 1212.

181811, 179, 186,

18118 ΠΙ, 1934.

18881818888 (1. auch 1888118818, Ge·
flinym'ee) 11, 1296.

188 (1888, 17188) Ι, 76, 296, 466,
648, 767, 773, 860, 886, ΙΙ, 964,
1121, 1199, 1219, 1266, 1499,
1600, 1640, 1684, ΙΙΙ, 1838,
19741997.

1788811811 11, 1643,

vectura Ι, 161, 164.

1816 (8. auch 1001) I, 334, 667, 466,
469, 610.

1818111128.

venatio I, 1.

18811818 Ι, 1, 166, 162, 171, 176,
183, 184, 186, 186, 200, 201,
212, ΙΙ, 922, 1336.

1886188181, 102, 111, 169.

1886188118, iniuste -8818 1, 63.

 

