Q

mmmmwmffifflmmm

903, 900, 907, 908, 919, 918, 919,
990, 991, 999, 937, 999, 949, 948,
900, 907, 1000, 1014, 1010,1010,
1090, 1091, 1044, 1040,1049,1004,
1000, 1000, 1009, 1070, 1094,
1090, 1109, 1119, 1140, 1103,
1109, 1109, 1170, 1189, 1197,
1900, 1814, 1994, 1934, 1900,
1900, 1907, 1908, 1900, 1979,
1899, 1940, 1340, 1979, 1981,
1989, 1397, 1400, 1407, 1499,
1444, 1400, 1001, 1080, 1040,
ΙΙΙ, 1797, 1790, 1741,1787, 1894,
1890, 1889, 1040, 1841, 1840,
1847, 1807, 1800, 1809, 1099,
1894, 1090, 1090, 1919, 1939,
1994, 1947, 1907, 1908, 1999,
9014, 9098 9007, 9119, 9190,
9191, 9199, 9193, 9190, 9130,
9141, 9170, 9181, 9189, 9100,
9180, 9187, 9109, 9197, 9909,
9900, 9900, 9907, 9900, 9914,
9910, 9999, 9908.

Ρωοαι, 19001000ρί071, 90, 148, 900,
718, 790, 790, Π, 909, 949, 904,
1007, 1833, ΠΙ, 1999, 1939, 1994,
1947, 1901, 1900, 1907, 1960,
1901,1970, 1980.

mmmm Ι, 19, 10, 94, 90, 04,
00, 134, 919, 300, 479, 480, 000,
093, 049, 040, 007, 711, 709,
790, 790, 848, 800, 889, Π,
909, 907, 908, 904, 900, 990,
1009, 1009, 1119, 1140, 1109,
1100, 1910, 1910, 1981, 1089,
1070, 1097, 1080, 1781, ΠΙ, 1807,
1910, 1999, 1940, 1907, 9040,
9099, 9099, 9101, 9178, 9179,
9100, 9900, 9900, 9900, 9907,
9908, 9914, 9910, 9917, 9900,
9907, 9970.

-, 30000γο, Altmnnn 1, 107223, 1083,
0 0., †1091:⁷‚ 1049,8, 1090,10,
109οε11, 0. 1099,14, 1108,18, 0.
1199,90, 0. 1194τ97, 0. 1139ε31,
1141,30,1184,09,1194,00000100,

13000913, 1990,817, 11, 1404ι949,
Fontes. 11. 4011. 00. ΙΝ.

1440,1907, ΙΙΙ, 1470,1840, 1470,
1807.

Uln‘eh Ι, 1094ε8, 1090,9 0.,
1090,100.,1090,11 0., 0. 1099,
14 0., 1100,18, 0. 1108,19, 1119,
91, 1109-1114ε93, 0. 1199,90,
0 1194097, 1190,98, 1141,30,
1194,00, ΙΙ, 1449,1989, 1449,
1900.

Reginum 1, 111οε90, 0. 1199,
90 0., 0.1194,97 0., 1190,90, 0.
1199,91 0., 0. 1199,39,1141,90,
1171εο0, 1194,00, 11, 1440,1907.

Reginbert Ι, 1141ιο0 0., 1141,
97,1194,00.

Konnd Ι, 1141,97, 1100,39,
1100,44, 1100,40, 1100,40, 1101,
47,1101,48, 1194,00.

01000101, 1984,090., 1188-
1109,09, 1189,04, 1194,00.

Wolfker 1, 1194,000., 1197,09
0., 1909,01 0.

Manogold Ι, 1907;04, 1907,00,
1909,00, 0. 1910,79, 1919,70,
1914ε78.

1110100ΙΙ.Ι,1918,83,1919,840.,
ιωωωω

ωπωωωωω,
1990,90 0., 1999-199οε90, 1998,
98.

Rudiger (Rugor) 1, 1980,119 0.,
lQOmffiflmffi

0110 v. homdorf 1, 190οτ139 0.,
1906,193, 1908,197, 1909,190,
1901τ149, 1901,144, 1909,140,
1904,1499.

001001, 1970,100.

Bernhard (Wernhard) Ι, 1908,
177 0.,1901,9900,,1811,907.

Gottfn'ed 1, 0. 1300,993.

010οη (41000001) Ι, 1991,910 0.,
1999,819, 1399,914 0., 1394,990,
1mmffimmffifflw
900 0., 1390,300 0,, 1890,967,
1891,908 0.,1999,979 0., 1399,
970 0., 1399τ370 0., 1800,380 0,,

13352382 0.
99

 

