816

Ρ10666110111Π, 2217.

procurare Ι, 19, 116, 380, 396, 672,
807, 891, ΙΙ, 908, 322, 1070,
1094, ΙΙΙ, 1866, 2028, 2136, 2206.

procuratio Ι, 718, 798, 891, Π, 942,

1070.

procuratori, 31, 133, 134, 142, 143,
144, 168, 269, 602, 677, 714,
739, 807, 863, 889, 891, Π,
937, 960, 960, 966, 967, 1014,
1016, 1020, 1021, 1033, 1037,
1039, 1040, 1041, 1042, 1043,
1044, 1046, 1049, 1061, 1062,
1069, 1070, 1096, 1096, 1119,
1123, 1169, 1213, 1214, 1231,
1406, 1731, ΙΠ, 1737, 1741,
1746, 1932, 1986, 2020, 2179,
2182, 2191, 2192, 2193, 2206,
2208, 2222, 2223, 2269, 2276.

procuratrix 1, 797.

procuria 111, 2206.

professio monachorum 1, 8.

6161616116 (Profert) 1, 637, 649, 773,
868, 869, 866, ΙΙ, 919, 920,
967, 1021, 1046, 1063, 1064,
1096, 1170, 1177, 1179, 1180,
1234, 1273, 1289, 1306, 1327,
1363, 1427, 1476, 1644, 1674,
1640, 1704, ΙΙΙ, 1761, 1763,
1764, 1766, 1774, 1817, 1876,
1886, 1939, 1960, 1967, 2028,
2112, 2148, 2149, 2162, 2167,
2190, 2203, 2218, 2243, 2266.

profestum 11, 1441.

progenitor Ι, 314.

proprietas Ι, 63, 64, 73, 126, 140,
167, 193, 194, 314, 398, 673,
718, Π, 942.

proprium (r. 011611 sigen 111160161,
136.

-, in - dare atque tradere 1, 1.

-, iu - dare, confirmare Ι, 2.

prorogare 1, 109,

protectio Ι, 34, 118, 131, 813, Π
908, 1382, ΠΙ, 2178.

Protesi 1, 663.

protestari 1, 92, 164, 183,184,192,
193, 200, 380, 672, 673, 677,

Π, 1947, ΠΙ, 1947, 2028, 2111,
2273, 2276.

6101661660 ΙΠ, 1947.

Protolcoll ΠΙ, 2133.

protonotarius 1, 49, 162, ΙΙ, 1014,
1020, lII, 2021, 2123.

provenire Ι, 1, 9, 62, 64, 66, 126,
447.

proventus Ι, 112, 123, 126, 130,136,
196, 223, 872, 671, 666, 720,
773, 782, 796, 798, 867, 868,
869, 860, 869, Π, 903, 937,
942, 1040, 1119, 1169, 1264,
1397, ΠΙ, 1909, 1986.

providere 1, 92, 112, 126, 380, 714,
720, 778, 779, 867, 868, 889,
ΙΙ, 903, 921, 937, 942, 1070,
1119, 1167, 1206, 1231, 1267,
1397, ΙΠ, 1824, 1932, 1974,
1986, 2028, 2141, 2178, 2183,
2186, 2236.

Ρνο111111 1, 302, 886, Π, 332, 1037,
1039, 1042, 1063, 1064, 1607,
ΙΠ, 1886, 2021, 2227, 2268.

provisio Ι, 714, 720, 773, 782, 867,
868, 860, ΙΙ, 918, 919, 920,
937, 942, 1040, 1119, 1169, 1167,
1231, 1486, ΙΠ, 1932, 1947,
1999, 2171, 2220.

psalterium Ι, 268, 260, 347, 349,
396, 637, 649, ΠΙ, 2226.

publicare Ι, 699, 610, 860, 11, 1197,
ΙΠ, 1833, 1894, 1932, 2028,
2183.

publicatio 1, 126, ΙΙ, 1206, 1214,
ΠΙ, 1932, 2183.

puella 1, 643.

puer 1, 96.

61111116 Ι, 161, 164, 168, 238, 380,
718, Π, 1449, 1468, 1609, ΠΙ,
1784.

pulsatio (mit Glookcn) Ι, 639.

Ρ111001Π,1703.

punire Ι, 124.

611111 (611111) 11, 979, 1246, [111661.

66111116 (6111166111, 1101.

 

