996

0114661 Iohannes 911. 86641161 1611411664 1916.
0664666613, 0366661361 Paulus 8616616666 Anna 9016, lacobus
419, 03666613666 Barbara 419. 9016, magister 1161111664 9016,
0366661361 Paulus 419, 03661161- 8611611163, Eustochium 16 - 9016.

36116 Barbara 419 (4. 0611466· 8616111636133111641413.

burg). 8661163661664116 34161164 1110.
04414666464, Schneider Leuz 1719.

Presbyteri 61 4164661111 Daniel 86616166666 1116611164 10119.

1713. 8611161146 1114614 9913.
0116666616, 8611666116 1141341414 9718.

3166161166611661111811164119. 6666641116 4611414414 16110.
8616461641116 Barbara 9114.
3411666641 16146664 416. 8611114111, 86111144, 86116464, Anna
3466641616,1141116641116161116 - 3461616116 16 ·- 9614, 16646664

1618, Ρ461640366116136116 - 419. 16 - 19111, 8411164 176161116 166
3411116 Η61111314 11111. - 9110, 8661441164 8161616161361111
34611161 34664 1616. 818. ’

34616116 1161611164 8019. 861461666611114146 31110.
3461633, 3466616666 166 - 1016. Ad 866164 wiennae,
34664, 341166166664 166 34611θὲ31 Aurata.- (16614164 1019, (141164

Ρ11636116 - 1016. 1718, 31661464 3016, Ρ1461164 9016.
34664, 1116166, 8161161164 11161161, 3616111611 6166466111341111616·

Ρ116361 66 - 1617 1641. meus 1419, 011441666164 1618, 93110
3411416116 Barbara 9618. 1633, Gregorius 1714, 161146664
36116116 1161664 117, 1114614 1414. 1814, 6119, 116644 96111, 1161111664
361116116 36316419110. 816, 114111664419, Valentinus 3119,
3661661466 Η4664 1719. 1161634636 1614, 13119, 17119.
31116116 8661441164 417. 1161166111 Benedictus 1916, Pe·
31636116 43664 priorissa 9611 1690, 1164 1811.

4116116614 418. ,4611611111 Ambrosius 1118, 161146-
31616611141, 3161661416116 34111414 664 918.

719. omrem: conradus 1914, qu-
31416 363164 9319. 1666164 611, 1441664 60119.
3661161 1166161164 1819 1668. 866661166464,

3116116116 4664 9319, 1114614 1919. 06464141161146664 9116, 11666-
3161661416116 34111414 719 1141164 1913, 0411141164 116, Simon

(4. 3161661641). 346611 6111.

Ryhl 1116614611 9913 1666. 1466611111 (3141666164 9816.
0611661111 81314666164 1110.

84661 1111111144 617 1646. 8616164161 (1661164 619.

Sacerdotes: Georiur 3666616361 εθηρῃηθῑιθῃης,

98111, 161146664 14119, Wolff· Abanta, Andre„ 19110, οή.

&anem 618ι 4146664 9716.

8411111113, Augustinus Hoffer 64 Pmbym amachi,- Pomm„

- 916. 9917, Corradus 9916, 3111411114
salzburgenses: 0666141164 epi· 1119,161146661 17161611641716,

scopus - 1616. Martinus 1610, 1146116964 1416,
8664611661 116644 719. Moysen 716, 8166619110, Stepha-

 

