133

2032, 2042, 2011, 2033, 2101, 1408, 1475, 1492, 1495, 1496,
2115, 2150, 2155, 2170, 2196, 1497, 1499, 1322, 1525, 1323,
2204, 2217. 1542, 1545, 1628, 1629, 1681,
Goechc'iflbrief (gescheftprios) 111111, 1642, 1651, 1660, 1667, 1672,
ΙΠ, 1921. 1677, 1688, 1124, ΠΙ, 1804,
811σή011111 (gescheftherr, 3344113134 1303, 1870, 1887, 1888, 1903,
her) 11, 333, 1232, 13413 111, 2104. 1313, 1041, 1960, 1970, 1076,
gesehaid Ι, 123. 1977, 1988, 1984, 1995, 2086,
geschaidwasser ΙΙ, 1420. 2087, 2108, 2134.

1111111 (1· 1111 101111) 1, 314, 668, 11111 1, 111, 111, 111,111,111,
811868111,116,181,1161,1141, 111, 111, 111, 111, 111, 11, 313,
1414,1461,11111111,1111,1111, 1013, 1101, 1113, 1131, 1132,
1111- 1111, 1111, 1111, 1111, 1111,

1111111 111184- 1111, 1111, 1111, 1111, 1111,

118111411, 194- 1111, 1111, 1111, 1111, 1111,

geslozz (1. auch Bury, 111111, Ham, 1551,

1111111) 11, 1114, 1446, 1111, ,1111111111 11 1111, 1111.

1641, 1111, 1111, 16841 111, 1118, ,1111111111 111, 1111, 1111, 2030.

1116, 1111, 1111- gewaltig 1, 233, 433, 441, 431, 413,
040431, 130. 333, 133, 111, 11, 111, 034, 303,
ι1111117711 und 1111911ιί1111 Ι, 313, 857, 1018, 1227, 1280.

111, 111, 111, 111, 111, 111, 111, gewalttrager 111, 1313, 2031.

111, 11111111, 431, 314; 111, 1131.
0111161116 Ι, 432. 11181181118111111111111111) Ι, 182, 183,
geswei (8101111911) Ι, 286, 404. 184, 191, 197, 108, 199, 252, 257,
,111111 11, 1013. 233, 313, 334, 333, 333, 403, 404,
gotaidinge 1, 313. 422, 440, 441, 431, 430, 413, 413,
0044104 1, 233, 234, 313, 111, 111, 111, 111, 111, 111, 111, 111, 111,

111, 111, 111, 111, 111, 331, 111, 341, 333, 330, 111,111,111,111,

11, 313, 034, 1034, 1133, 1100, 041, 333, 314, 333, 334, 331, 111,

1133, 1133, 1233, 1241, 1214, 144, 133, 323, 111, 11, 310, 331,

1233, 1301, 1410, 1333, 1334, 1013, 1111, 1131, 1130, 1223,

1333, 1331, 1330, 1331, 1333, 1223, 1233, 1214, 1203, 1413,

1301, 1324, 1323, 1111, 111, 1111, 1111, 1111, 1311, 1513,

1111, 1323, 1332, 1333, 1331, 111, 1134, 1133, 1131, 1133,

1333, 1313, 2013, 2131, 2211, 1321, 1323, 1331, 1332, 1343,

2244, 2233. 1334, 1333, 1333, 1300, 1333,
344031402424 11, 10233 111, 2031, 1003, 1311, 1331, 1303, 2003,

2134, 2134. 2003, 2003, 2011, 2013, 2022,
Getret'defechetmq 111, 1111, 1111, 1111, 1111, 1111, 1111,
(1111119111 111, 2233. 2043, 2043, 2033, 2033, 2030,
111111 1, 111,111,161,118,111, 2031, 2033, 2010, 2011, 2030,

333, 303, 323, 344, 333,103,113, 2032, 2030, 2022, 2102, 2103,

123, 131, 313, 823, 344, 330, 332, 2100, 2113, 2113, 2133, 2130,

111, 111, 111, 11, 333, 310,1003‚ 2133, 2131, 2133, 2113, 2113,

1033, 1034, 1033, 1101, 1120, 2133, 2204, 2223.

1113, 1233, 1214, 1233, 1303, (11111111 11, 1111.

1111, 1111, 1343, 1332, 1333, 93041439 1, 133, 111.

 

