826

1769, 1777, 1813, 1855, 1896,
2130, 2136, 2142, 2177, 2186,
2188, 2191, 2266, 2267, 2270,
2272, 2276, 2274.

strepitus L 656.

- 1161511111 Ι, 83, 677.

streymling ΠΙ, 1801.

81νί511 ΙΠ, 1826.

Sirok 11, 1174.

5115615656 Π, 1190.

structura 11, 1189, 1266, 1259.

stuba (811165) Ι, 360, 681, 739, 790,
Π, 1046, 1057, 1074, 10961123,
1152, 1189, 1190, 1214, 1304,
1466, 14831634, ΙΙΙ, 17621896,
1932, 2273.

11165161 Ι, 757.

11161111 Ι, 93, 215, 218, 316, 639,
859, Π, 907, 918, 919, 920.

still 1, 790.

State 1, 637.

subcollectio L 677.

subdecanus ΙΙΙ, 2199.

subdelegato (subdeleps'eren) 1, 302,
Π, 950.

subdiaconus 1, 258, 347, 949, 453.

subprior Ι, 262, ΠΙ, 2168.

subpriorissn Ι, 797.

subsidium 1, 165, 167, 697.

- charitativum 1, 718, ΠΙ, 1768,
1968,1970,1972. -

substitutio 111, 2208.

116111651511, 1006.

successio Ι, 83, 157, 176.

successor Ι, 2, 8, 9, 12, 16, 26, 27,
34, 52, 66, 69, 70, 149, 168, 164,
166, 166, 171, 173, 193, 271,
274, 314, 382, 567, 639, 672,
673, 718, 749, 807, Π, 908,
922, 942, 1047,1102, 1255, 1264,
1382, 1465, ΙΙΙ,1893, 1894, 2178.

Suffrapan ΠΙ, 1957.

suffragium 1, 347, 349.

1615111, 915.
mmwn

sunewenttng (sunwentten) I, 209, 210,
mmmmm&
499, 527, 567, 568, 656, 839,

Π, 925, 974, ΙΠ, 1826, 1901,
2232, 2257.

superarbiter 1, 377, 666.

superioritas 111, 1985.

supplementum Ι, 52.

supplicantis 1, 16.

snpplicatio L 12, 720, 749, 782, 857,
858, 859, 860, 869, lL 903, 908,
921, 942, 1015, 1102, 1167, 1266,
1255, 1257, 1365, 1379, 1381,
1406, 1407, 1427, 1455, 1501,
ΙΠ, 1932, 1947, 1994, 2196, 2171,
2178, 2183, 2185, 2203, 2206.

surrepticie 111, 1948.

surreptio 1, 12, 16, 34, ΙΠ, 1947,
1985.

suspendium (suspendere) L 99, 447,
720, 889, 11, 967, 1119, 1206,
1214, ΙΙΙ, 1962, 1947, 2028, 2151,
2183, 2185, 2266, 2277.

suspensio Ι, 716, 846, Π, 908, 1016,
1365, ΠΙ, 2180, 2265, 2277.

swaere (111815) Ι, 586, Π,1062,1410.

swsig Ι, 598, 604, 740.

5115651 (Sollicitum-octor) Ι, 181, 182,
611, Π, 1318.

suellen Il, 1425.

swert ΠΙ, 2143.

swiger (8511159111111111) Ι, 181, 182,
287, 362, ΠΙ, 2196.

syndicus ΙΙ, 1213, ΙΠ, 1765.

synodus Ι, 677, ΙΙ, 922.

R

tabellio 111, 1893, 1894.
tabellionatus ΙΠ, 1893, 1864.
1165111Π, 1366.

1165111111 ΙΠ, 2031.

2655161651) ΙΙ, 1668, 1684, 1692,
1697.

tabula Ι, 206.

Tap (5111511511) Π, 1228, 1284, 1341,
WAEQQAEQQ

mmmmmm
mmmm

Tcywcrk (tsgwerich) L 657, 727,
mmummmm

 

