16666616) Ι, 994, ΠΙ, 1846.

ferrum (e. 61166 1611611) Ι, 414, ΙΙΙ,
9930.

16111666 ΙΙ, 1190.

Festo (661166 Bury, 616111) Ι, 936,
389, 896, 397, 398, 408, 486, 609,
698, 637, 664, 668, 673, 706, 711,
766, 784, 733, 890, Π, 866, 367,
1003, 1068, 1101, 1116, 1916,
1318, 1394, ΙΠ, 1891, 1997, 9066,
9074, 9184, 9916, 9949.

16666611 Ι, 766.

leetignng Ι, 939, 634, 698, 890, Π,
1161.

fetuel, 714.

feudum, 6666611.

Feuer 11, 1987.

661161161611611, 776, 11, 1133.

6661116616 ΙΠ, 9136,

6661116616 (t. 61166 6111916666) Ι, 163.

666166661(1,61166 1311196) Ι, 163.

fidelis Ι, 1,9, 19, 18, 60, 166134,
991, 971, 974, 389, 714, ΙΙ, 999.

fidelitas Ι, 714, 773, Π, 1070, 1639,
ΙΙΙ, 1833.

fides I, 886, 891, ΙΙ, 1167.

figure 1, 666.

maleo-che Ι, 786, 798.

1116111111 390, 399, ΙΙ, 1498.

6111961· ΠΙ, 1781.

firmare, sigilli inpressione Ι, 41.

[111661 ΙΠ, 9999, 9993.

itaet Ι, 696, ΙΙ, 10831131, 1189,
1164, 1943, 1963, 1676, ΙΙΙ, 9019,
9944, 9966.

6166616 898, Π, 1064, 1476.

16166611, 696, Π, 1096, 10691064,
ΙΠ, 1800, 9917.

61666616116661 ΠΙ, 9019.

6666661666 ΙΙ, 1161.

6666616111 ΙΙ, 1049.

6666166166 Ι, 369, 369, 360, 498,
696, 647, 799, 864, 11, 936, 1096,
1069, 1064, 1083, 1318, 1490,
1476.

6666661161 ΙΙ, 1490, ΙΠ, 1899, 9008,
9019.

666116 Π, 1906.

779

mech Ι, 631, 839, ΙΙ, 916, 1174,
1943, 1963, 1986.

mesentana· Ι, 661, 899, ΙΠ, 1781,
1793.

6766616666 ΙΙ, 1396.

66161166 Ι, 414, 11, 1931, ΠΙ, 9141.

flug ΙΙ, 1319.

fluvius Ι, 6, 11, 97, 314.

foedus (166116) Ι, 347, 349, 633.

1166166 Ι, 637.

161161, 916, ΙΙ, 1440.

- 61666666666.

- nantuel, 6, 11, 97.

sordem Ι, 483, 486, 633, 796, 898,
839, 898, ΙΙ, 1998, 1611, 1640,
1694, ΠΙ, 1809, 9144, 9174, 9938,
9973.

6616611619 Ι, 618, 661, 666, 666,
676, 646, 691, 703, 719, 809, 834,
866, 896, 898, ΙΙ, 999, 930, 938,
964, 974, 381, 989, 997, 1004,
1093, 1036, 1074, 1091, 1098,
1117, 1199, 1196, 1181, 1906,
1916, 1919, 1939, 1947, 1968,
1974, 1991, 1998, 1347, 1360,
1368, 1384, 1439, 1491, 1499,
1613, 1614, 1680, 1681, 1684,
1686, 1690, 1699, 1693, 1601,
1603, 1606, 1607, 1696, 1636,
1673, 1674, 1684, 1686, 1639,
1697, 1698, 1793, ΠΙ, 1747,
1770, 1778, 1779, 1818, 1333,
1946, 1989, 1996, 9007, 9073,
9100, 9174, 9984.

fcit-dem 11, 1994, 9969.

forestarius 1, 160, ΙΠ, 9930.

forestum (66161) Ῑ, 769.

6616166661 Π, 1619, 1666, ΙΠ, 1994.

16111111Ι, 76, 414, ΙΠ, 9168, 9907.

1161166 Ι, 173, 196.

- religiosi Ι, 6.

fraternitas (6. 61166 Ζ6666) Ι, 186, 347,
349, 637, ΠΙ, 9016.

Freibn'ef (freybriei) ΙΙ, 1974, 1369.

nmo 111, 1616, 1611, eone.

from 11, 12743111, 1166.

81616611 (11616611) Π, 1477, 1669,
1680, 1616, 1698, 1630, 1684,

 

