1309, 1329, 1333, 1364, 1366,
1367, 1382, 1397, 1400, 1469,
1630, 1669, 1674, 1607, 1630,
ΙΙΙ, 1741, 1766, 1768, 1783,
1812, 1840, 1841, 1846, 1866,
1868, 1874, 1883, 1919, 1932,
1934, 1944, 1947, 1948, 1966,
1967, 1962, 1967, 1968, 1969,
1972, 1974, 1986, 2002, 2016,
2024, 2027, 2028, 2041, 2064,
2067, 2088, 2099, 2111, 2117,
2119, 2124, 2128, 2141, 2161,
2162, 2176, 2180, 2181, 2183,
2186, 2186, 2190, 2199, 2203,
2206, 2210, 2211, 2216, 2227,
2231, 2236, 2269, 2277.
- 6671691636 Ι, 326.

661116τὶ6, a. 6661666.
edel 1, 364, 470, 601, 710, 711, 773,
716, 766, 778, 811, 836, 898, Π,
943, 949, 968, 987, 1004, 1099,
1038, 1066, 1061, 1072, 1077,
1079, 1080, 1081, 1083, 1088,
1091, 1097, 1101, 1106, 1109,
1110, 1112, 1114, 1116, 1116,
1118, 1127, 1128, 1129, 1140,
1143, 1144, 1146, 1149, 1161,
1166, 1166, 1176, 1190, 1198,
1208, 1211, 1216, 1217, 1223,
1230, 1233, 1236, 1236, 1237,
1240, 1241, 1242, 1244, 1246,
1261, 1261, 1263, 1271, 1272,
1278, 1286, 1287, 1288, 1291,
1292, 1293, 1297, 1298, 1299,
1303, 1304, 1311, 1314, 1316,
1317, 1318, 1328, 1331, 1341,
1343, 1344, 1347, 1360, 1366,
1367, 1368, 1369, 1370, 1371,
1372, 1373, 1376, 1384, 1386,
1387, 1391, 1393, 1402, 1403,
1404, 1414, 1416, 1418, 1419,
1420, 1421, 1426, 1426, 1428,
1448, 1464, 1467, 1469, 1461,
1464, 1486, 1602, 1604, 1606,
1606, 1616, 1618, 1620, 1624,
1632, 1634, 1637, 1662, 1663,
1661, 1664, 1666, 1673, 1679,
1680, 1684, 1697, 1602, 1603,

776

1606, 1608, 1612, 1616, 1616,
1617, 1623, 1624, 1626, 1626,
1629, 1630, 1636, 1641, 1642,
1643, 1644, 1648, 1649, 1660,
1661, 1663, 1666, 1666, 1667,
1669, 1670, 1671, 1673, 1674,
1676, 1677, 1678, 1680, 1682,
1683, 1687, 1689, 1691, 1693,
1696, 1699, 1706, 1707, 1708,
1712, 1716, 1720, 1721, 1727,
1728, 1729, ΠΙ, 1732, 1733,
1734, 1736, 1739, 1740, 1746,
1746, 1747, 1760, 1766, 1769,
1771, 1773, 1778, 1780, 1781,
1786, 1788, 1799, 1801, 1804,
1813, 1818, 1823, 1830, 1862,
1870, 1876, 1878, 1880, 1891,
1900, 1904, 1906, 1921, 1922,
1923, 1926, 1927, 1928, 1946,
1967, 1963, 1964, 1977, 1990,
1996, 2001, 2008, 2016, 2030,
2036, 2936, 2039, 2940, 2044,
2046, 2066, 2066, 2066, 2074,
2076, 2078, 2086, 2087, 2088,
2091, 2102, 2196, 2107, 2110,
2114, 2116, 2120, 2121, 2164,
2163, 2164, 2168, 2170, 2172,
2173, 2174, 2177, 2184, 2212,
2213, 2216, 2249, 2261, 2262,
2267, 2263, 2266, 2276.

6667666664 Π, 2273.

661 16611, 343.

edictum (mace) ΠΙ, 2182, 2208, 2277.

eqqen Ι, 880.

666611, 617616.

eehasttaiding I, 898.

7466 Ι, 612, 698, 676, 740, 862, 11,
1073, 1232, 1666, ΙΠ, 1813, 1818.

6716666661· III, 1876.

Ekron 1, 668, 666, 689, 694, 697,
711, 831, 836, Π, 1061, 1072,
1077, 1166, 1247, 1616, 1521,
16763111, 1812, 1862, 2140.

ehrlos Π, 1079, 1303.

17616669 ΠΙ, 1866.

Did (0. anch iuramentum) Ι, 468, 617,
618, 620, 697, 766, 832, 899, 11,
969, 984, 1014, 1979, 11061116,

 

