(131111331333,

11131113 1319, 11131113 1133131111 1414,
1113113 1111333111 1912, walpurgis
1914,11311111113 83111111 23191131-
tila 313, Wantila Graffanwardarin
1311, 1311,11111311311, 1111,
1311, 113, 3113, 3113, 11111,
11111.

3333313113 33 1133133331
2111, 1131331133 3111 1321, Mar·

923

(131111331333,

1111, aaa, 1313, Regina nain
2312, 13331113 111131313111 2319, Bo-
3113 von 1113113133 813, saloma
113, 8331331133Ρ13η11111113111 1719,
11131113 Η3131111 817, 11131113 8311111-
331 2913, 1131111111 Kolnpranna·
rin 3313, wilbirgis 13113.

(1111111311, Adam 8331311333113,

Hauptmann 11 - 31110.

13131113 33 Ena 2114

0311331333.- 3313311 2313, 11313-
11132118, chunigundis 313, 2313,
413, 113113 27111, Iuliana 2613, (113113113133111 11311113 2314,
1111313 Zimarlin 2313, 1133331313 3014 (3. (1131311333).

917, 1131331313 311, 13311313133 (113333131110331113913,11311313·
33 Lana 912, 71311113 111. 133 23112.

1313331 3311331313 1311, 14110,
24112, 23112, 30112, Agatha Pron·
113111 919, Agnae 2314, 19112,
Anna 1312, 1014, 319, 1419, Anna
1311333111 2312, Anna Zinaarin
2717, Barbara 314, Barbara 0131-
11113111 419, Barbara Rabtalaryn Η313111 11131113 817.

2313, Barbara 833133113111112114, Η3111313, 1133331113 plebanus in -
Barbara Waborin 313, Barbara 29112.

1131131111 3111, Β3111113 31131111 Η3111311 Martinus 1318, Simon 3111.
1319, Partha 1313, 1131331113 311, Haalpakin (1313111313 2413.

2213, 1014, 1131331113 (11113331 Η311111113111, Adam Schwainbaakh
8110, christina 811, 2011, 1312, in (1311131131110.

2314, 3113, 20112, chunigundis Hawgin Anna 2017..

2711, 2811, 1312, 2212, 23110, Η3111133313Μ133331914.
1111131333 1312, 113131333 Ram· Haraogenburg,Hartanwurga,Wolff·

(11313113113, Wautila (1133311131-
33111 2314, 3014.
(113111131133331 1114.

(111113131311333111133 191 2.

(11333131 Andreas 2313.

(11113331 1111331113 8110, cordula
1919 1332, 11311131113 8110.

Gruenbaldin Barbara 311.

laria 3019, 1111113331 2411, 2012,
313, 913, 1213, 1717, 3018, Elian·
3313 1333311 1219, 1111133313
8133133113111 3018, 1111113331
111311 319, 1111131113 1411, (131-
31113 2811, 2213, 713, 1719, 14110,
29112, Giaila 2111, 313, Hadwidia
1313113131111 11111, 1113113 2814,
21111, 11112, 23112, 11311313133
1111, 311, 1313, 311, 1114, 1113,
813, 13112, 31311313133 Ρ131131111

3112, 31311313133 Η31131ἰ1 213
1313, 11311313133 11311 10110,
3131131313 3111113111 2913133113-
1313 833133ιί1 2113, 1331311313

1311113 33 - 714, Η31113311113,
Helena 33 -- 23111.

Η31131313111131333,

Praepositi: (1331131 2111 1311,
Iohannes 319, Iohannes ax 11113·
33111 2110 1333, Ludwiaua 713,
1131131331113 2113 1341, 2219.

11333311 Iohannes 18111, Mi·
3333130112.

8311131331 13333113 2713.
canonici.- (1113131133 1819, Er·
bardua 10131118, 1131111333 13112,
13331133 2319,Ι111, 13331133 3133-
1131312218, 11311113323112, 133-
13133 2713, 1113313113 1113331118,

 

