779

903, 919, 949, 993, 1934, 1366,
1397.

decimatio Ι, 6, 9, 10, 14, 18, 96, 97,
186, Π, 949.

decimator 1, 73, 160, 186.

6661616 ΙΠ, 9141.

1966661611316, 396, 331, ΙΙ, 1914.

6661611161 (666161) Ι, 84, 996, 316,
790, 789, 796, 798, 867, 868, 869,
Π, 918, 919, 990, 949, 1016, 1091,
1033, 1037, 1040, 1096, 1119,
1146, 1166, 1170, 1931, ΙΠ,
1766, 1894, 1990, 1993, 1939,
1966, 1969, 1980, 1986, 9016,
9098, 9067, 9141, 9178, 9180,
9189, 9186, 9189, 9190, 9906.

dedicatio (66616616) 1, 3, 6, 10, 97,
60, 66, 166, 171, 111,666; 11,
1946, 1966, 1396, 1400, 1634,
1636, ΠΙ, 9111, 9194.

66166166 1, 917, 990, 966, 414, 673,
Π, 903, 1040, ΠΙ, 1847, 1939,
9171, 9977.

6616116616 1, 66, 104,116, 160, 166,
671, 718, 773, 886, 889, Π, 999,
1040, ΙΠ, 1893, 9908.

defensio 1, 166, 176166, 161, 191,
714, Π, 949, 1906, 1674, ΠΙ, 1939,
1967, 9906.

defensor 1, 373, 718, ΙΠ, 9189.

definire 1, 666.

delegare 1, 11, 14, 97, 39, 49, 99,
166, 1111111, 116, 116,117,176,
173, 179, 193, 606, ΠΙ, 9900.

delegatio Ι, 4, 39, 49.

delictum Π, 908, ΠΙ, 9178, 9197.

denarius, Wienneneie 1, 186.

-, Salzburgeneie 1, 194.

-, 661666666166 ringulae 1, 171.

-,1616166 - 1, 194.

6666611161, 110, 160, ΙΠ, 9178.

denuntiare 111, 1947.

deponere (= 1611676666) ΙΠ, 1947.

depositio (= Abretmnp) Ι, 37, 968.

depositio (= Beirotoeunp) 1, 347, 349,
396.

depositio (= Zouqmmeape) 111, 1894.

666161666616 1, 67.

66661616 Ι, 666, 794, 807, 867, Π,
1033, 1049, 1109, 1169, 1966,
ΙΠ, 1737, 1768, 1986, 9098, 9178,
9183, 9186, 9903, 9907, 9908.

6611116111 Π, 1307.

derogarem, 1893, 1939.

derogationi, 1947.

deservire Ι, 398, 869, ΙΙ, 903, 919,
949, 1197, 1931, ΠΙ, 1768.

destituere 1, 718, 111661, ΠΙ, 1763.

determinare 1, 66.

dextere 66161, 89.

diaeonus (Diaron) 1, 900, 968, 960,
347, 349, 396, 398, ΠΙ, 1840,
1841, 9196.

Diod (deupp) 1, 898.

616611 Ι, 663.

61616 11, 1906, ΠΙ, 1909.

Diem Ι, 939, 964, 647, 703, Π,
1087, 1101, 1109, 1116, 1117,
1196, 1998, 1301, 1341, 1349,
1366, 1439, 1486, 1499, 1696,
1636, 1649, 1646, 1663, 1670,
1671, 1679, 1673, 1677, 1680,
1688, 1699, 1609, 1603, 1606,
1619, 1694, 1669, 1668, 1670,
1671, 1676, 1677, 1684, 1688,
1689, 1693, 1697, 1793, ΙΠ,
1760, 1776, 1848, 1999, 1913,
9009, 9097, 9086, 9140, 9143,
9161, 9904, 9977.

Dieuc (61661 -· Zion), (11666111, 180,
907, 961, 988, 993, 367, 378, 383,
387, 404, 406, 441, 446, 468, 466,
476, 483, 600, 604, 610, 611, 613,
616, 618, 691, 696, 646, 661, 669,
698, 647, 663, 666, 666, 667, 674,
694, 697, 703, 711, 739, 733, 746,
769, 766, 768, 779, 783, 810, 890,
893, 836, 896, 896, 899, Π, 909,
916, 993, 996, 999, 938, 974, 979,
984, 1010, 1013, 1017, 1019,
1096, 1034, 1038, 1066, 1066,
1039, 1061, 1079, 1083, 1034,
1100, 1101, 1106, 1109, 1191,
1196, 1198, 1199, 1139, 1161,
1168, 1178, 1190, 1191, 1193,
1198, 1900, 1909, 1910, 1911,

 

