1216, 1243, 1250, 1262, 1296,
1331, 1352, 1402, 1403, 1461,
1514, 1560, 1648, 1653, 1691,
1705, 17061707, ΙΠ,1742, 1744,
1855, 2005, 2084, 2136.

&mmmm (Grunddt‘omt) Ι, 348, 451,
585, 774, 856, Π,911, 1013, 1017,
1010, 1139, 1178, 1181, 1228,
1252,1281,1359, 1402, ΙΠ, 1742,
18321849.

θωπᾰνωὶιιεαῦἱόηπφ 1, 535.

(ἤυπᾰνοοὴιιρσωῶν Ι, 622.

Gmdrechtm'm 1, 595.

811151111ῳά Π, 1022, ΠΙ, 2084.

Gmndamck 111, 1327, 1939, 1953.

8151511 Ι, 565, 881, Π, 938, 974, 985,
1080, 1112, 1126, 1136, ι1165,
1173, 1183, 1210, 1222, 1229,
1344, 1478, 1485, 1504, 1506,
1520, 1590, 1591, 1607, 1651,
1653, 1661, 1692, 1698, 1711,
17201726, ΙΠ, 1739, 1747, 1802,
1811, 1818, 1832, 1836, 1851,
1892, 1899, 1317, 1920, 1939,
2002, 2037, 2050, 2056, 2110,
2147, 2168, 2244.

aime (gult, gfsst, gfllto, golt) 1, 195,
137, 198, 139, 233, 245, 252, 263,
276, 277, 286, 288, 290, 292, 301,
304, 305, 315, 326, 329, 330, 354,
359, 361, 362, 370, 379, 381, 383,
384, 385, 386, 387, 404, 421, 425,
432, 437, 443, 451, 457, 460, 461,
469, 471, 472, 475, 480, 481, 482,
484, 490, 491, 434, 495, 510, 518,
519, 521, 526, 523, 533, 536, 539,
542, 548, 550, 559, 573, 576, 581,
598, 603, 605, 609, 614, 626, 627,
630, 636, 637, 641, 652, 657, 661,
665, 667, 671, 674, 675, 689, 699,
711, 723, 727, 728, 731, 732, 733,
735, 752, 753, 766, 768, 778, 781,
785, 786, 787, 789, 793, 805, 806,
814, 815, 820, 825, 830, 831, 835,
841, 852, 856, 864, 868, 878, 893,
ΠΙ, 902, 915, 323, 933, 934, 944,
951, 952, 958, 368, 984, 989,
1001, 1005, 1010, 1013, 1025,
Fontes. 11. 45111. nd. IN.

Μ

mmmmmmm
mmmwmam
1139, 1111, 1119, 1151, 1151
mmmmmmm
mmmmmmffl
mmwmmwm
1311, 1334, 1347, 1384, 1385,
1389, 1396, 1457, 1459, 1464,
mmwfflmwm
1524, 1528, 1590, 1593, 1599,
mmmffimmffl
1651, 1653, 1655, 1666, 1684,
1687, 1688, 1723, ΙΙΙ, 1736,
1758, 1753, 1773, 1801, 1811,
1812, 1818, 1833, 1852, 1855,
1862‚.1869‚ 1888, 1831, 1904,
1905, 1912, 1944, 1957, 1965,
1976, 1977, 1982, 1989, 1990,
1997, 2030, 2061, 2076, 2134,
1151, 1115, 1131, 1115, 1117,
2253, 2260, 2276.

fflrtel Ι, 397, Π, 1847.

8155141· ΙΠ, 2017.

05111, 354.

8111511 (e. auch 5111161) Ι, 236, 264,

483, 785.

gustrei (1. auch custodia) 1, 666, 785,
11, 1279,Π1, 1750.

Gne (gunt) Ι, 63, 67, 68, 156, 132,
ΜΜΜΜΜΜΜ
273, 278, 293, 301, 339, 354, 357,
358, 359, 360, 864, 378, 383, 384,
388, 404, 409, 416, 421, 425, 462,
466, 469, 470, 481, 433, 484, 492,
mmmmmmm
529, 531, 536, 538, 541, 553, 559,
mmeffimffl
598, 603, 604, 605, 607, 612, 614,
625, 626, 627, 628, 630, 644, 647,
650, 652, 660, 663, 665, 666, 667,
675, 683, 687, 689, 697, 698, 699,
711, 721, 735, 736, 740, 745, 754,
756, 757, 759, 762, 763, 764, 765,
mmemmm
795, 802, 806, 811, 814, 816, 819,
820, 821, 825, 830, 831, 836, 837,
841, 844, 856, 862, 864, 865, 868,
876, 877, 898, ΙΙ, 910, 915, 936,

50

 

