Amthos Ι, 769, 783, 887, Π, 978, 979,
1390,1448.

4111116111 (amman, 4111161111) Ι, 986,
433, 446, 448, 469, 467, 478, 663,
668, 693, 681, 661, 684, 716, 747,
769, 766, 767, 771, 778, 849, 860,
874, 896, Π, 911, 994, 936, 963,
970, 979, 1094, 1013, 1017, 1019,
1993, 1079, 1113,1117,1191,1139,
1996, 1998, 1974,1976, 1997, 1316,
1378, 1408, 14131499, 1691,1690,
1698,1688,1696, ΙΠ, 1746, 1769,
1781, 1796, 18701910, 19691961,
1970, 1976, 1977, 9060, 9086, 9196.

411116611111 Π, 1044, 1946, 1066.

anathema ΙΙ, 1906.

-atis iaculo Ι, 96.

-atis maledicto Ι, 36.

-atis vinculo Ι, 6, 9,10, 111411.

1116111611 Π, 1684, ΙΙΙ, 1988.

1116661611 (6116161611) 11, 1013, 1708.

1161119611(111,111113611)Ι,897, 111111,
1364, 1487, 1663, 1606, 1673,
1674, 1688, 1794, ΙΠ, 1961, 9009,
9146.

1116961611 Π, 1793, ΠΙ, 1916, 1961.

aneilla ΙΠ, 9930.

< 1116 (Grumum) 1, 334.

6116111611 11, 1916, 1431.

4161666661 111681, 1199, 1140, 1343,
1367,1649.

11617161116111, 996.

116111616611 1, 189, 673, 660, 668,
798, 763, 11, 966, 973, 1089, 1199,
1199, 1147, 1148, 1188, 1916,
1331, 1349, 1389, 1498, 1706.

1111Ῐαὶ1611 Ι, 388, 399, 403, 499, 438,
461, 467, 609, 614, 639, 678, 636,
676, 676, 699, 796, 760, 809, 819,
899, 838, 866, 871, 888, 896, 11,
909, 1106, 1143, 1187, 1998, 1911,
1949, 1331, 1371, 1387, 1494,
1498, 1466, 1706, ΠΙ, 1736, 1818,
9019, 9046, 9166, 9179, 9909.

1111161611 (6111111611) ΠΙ, 1781.

6111616161 ΙΙ, 1338.

1111611611 Π, 1130, 1317,1367,1418,
ΙΠ, 1939, 9969.

angaria ΙΙ, 1906,

1113611611 Π, 1698.

411961 Ι, 864, ΠΙ, 9069, 9104.

6111616111 ΙΙΙ, 9143.

1119169611 (angrifl') Π, 1964, 1493,
1496, 1496, 1497, 1499, 1699,
1631,1683, 1699, 1703, ΠΙ, 1944,
1967,1983.

angrengen Ι, 766.

angulus Ι, 706.

augum ΠΙ, 1781.

1119169611, 767.

6111166611 Ι, 768, 1116161166, ΠΙ,
18191899.

1111161911, 766, Π, 1036.

4111676961 (1111616161) Π, 19961998,
1496.

4119116 Π, 1313, ΙΠ, 1818.

1111119611 Ι, 897, 11, 1493, 14961496,
1611.

1111761611 Ι, 698, 637, 641, 697, 740,
761, 769, Π, 963, 1197, 1911,
1396.

4117671611 ΙΠ,1880,1888, 1917, 1984.

4111691 Ι, 994, 964, 988, 993, 306,
418, 448, 468, 466, 466, 678, 688,
646, 663, 666, 691, 798, 719, 716,
747, 776, 778, 868, Π, 1071,1989,
1179, 1174, 1986, 1996, 1997,
1384, 1440, 1441, 1449, 1449,
1469, 1460, 1468, 1483, 1609,
1619, 1708, 1799, ΠΙ, 1786,
1798, 1816, 1899, 1891, 1899,
1836, 1848, 1869, 1860, 1908,
1988, 9969, 9093, 9101, 9160,
9196, 9917, 9964.

auligund gut ΠΙ, 1991.

4111111611 ΙΠ, 1834.

anniversarium I, 69, 176,177,186,
196, 347, 349, 380, 397, 398, 447,
679, 718, 807.

1111161111, 377.

annotare, 1. adnotare.

annullare 11, 907, 949, 1906.

annulus Ι, 749, ΙΙ, 1966, 1497.

4111161111, 697, Π, 1949.

41116116 11, 1666.

anser (1111111 Gom) Ι, 168.

 

