lis (litigium) I, 66, 82, 83, 84, 116,
162, 169, 160, 191, 296, 377, 666,
Π, 942, 1119, 1382, ΙΙΙ, 2136,
2141, 2178.

litigare Ι, 889.

litterae I, 22, 82, 93, 102, 106, 108,
110, 124, 126, 126, 134,136,147,
160, 161, 162, 167, 169,162,164,
166, 167, 169,170, 172,176,176,
179, 183, 186, 191,192,194,196,
200, 201, 203, 222, 236, 268, 279,
314, 341, 369, 377, 396, 398, 408,
447, 637, 639, 672, 673, 677, 714,
718, 720, 741, 766, 773, 782, 796,
797, 807, 822, 846, 860, 882, 886,
889, II, 903, 906, 907, 912, 918,
919, 920, 921, 922, 937, 942, 1016,
1040, 10701094, 1119, 1169, 1197,
1246, 1400, 1427, 1601, ΠΙ, 1737,
1969, 2016, 2178, 2183, 2186,
2206, 2208, 2214, 2216, 2227.

- apostolieae ΙΠ, 2182, 2183. '

- inhibitoriae ΙΠ, 2136.

- missivae ΠΙ, 2136, 2168.

— respondentibus, -is Ι, 17.

- responsivae ΙΠ, 2168.

- testimoniales 111, 1947.

loeus Ι, 773, 796, Π, 908, 942, 1043,
1382, 1601, 1636, ΙΙΙ, 1886, 2028,
2183, 2186.

Mfflmwmmmmme
1967,1899.

Loos Ι, 673, ΙΙ, 1428.

lesen l, 211, 343, 378, 433, 436, 467,
616, 666, 698, 673, 762, ΙΙ, 932,
1226, 1228, 14261731, ΙΙΙ,1746,
1832, 2006, 2273.

66666, (loesung) Ι, 367, 680.

Limuprrecht ΠΙ, 2074.

&monetet Ι, 616, 638, 664.

Loth (16116) Ι, 414.

laetiq Ι, 280, 281, 461, 666.

lucmm1,165.

ludus ΙΙ, 1366.

lumen (luminare) Ι, 213, 268, 280,

wmwmmmmmm
mmmm

16661, 288, 689, 697.
Fontes. Π. 46111. nr, LV.

Π

macheu (= oemsacheu) 1, 684, Π, 973,
1101, 1138, 1167, 1203, 1326,
ΙΙΙ, 1800, 1832.

magister (Meister) 1, 76, 83, 92, 94,
126, 142, 143, 149, 162,169,162,
168, 267, 269, 276, 279, 610, 324,
326, 366, 877, 404, 413, 414, 429,
627, 626, 666, 672, 673, 677, 862,
863, 891, 11, 906, 939, 942, 960,
1016, 1016, 1037, 1042, 1044,
1062, 1063, 1146, 1161, 1162,
1163, 1176, 1184, 1216, 1218,
1231, 1329, 1337, 1366, 1406,
1418, 1419, 1437, 1470, 1676,
1700, 1731, ΙΠ, 1741,1819,1843,
1882, 1890, 1894, 1921, 1923,
1932, 1947, 1961, 1966, 2016,
2029, 2068, 2069, 2073, 2090,
2104, 2136, 2141, 2171, 2180,
2181, 2189, 2198, 2199, 2206,
2227, 2233, 2260.

ruagssl ΙῙ, 1243, 1263.

11161ιί Ι, 273, 320, 321, 322, 638, 669,
ΙΙ, 916, 1166, 111, 2229.

mmmmmm

maiestas 1, 118.

1161666 ΙΙ, 994, 1227, 1280, 1340,
1637, 111, 1806, 1966.

maisehgeweis 111, 1760.

maias 11, 1190, 1688.

malefactor Ι, 67.

molen Ι, 820, Π, 1312.

Matar Π, 2090. ’

malitia 111, 1972.

malpfennige Π, 1181.

mancipare 1, 813, ΙΙ, 1674, ΙΙΙ, 1974,
2183.

mancipium Ι, 6, 10, 18, 26, 31, ΙΙΙ,
2186.

- utriusque sexus I, 2.

mandare 1, 720, 782, 796, 868, 869,
886, 891, Π, 907, 918, 919, 920,
937, 948, 1006, 1102, 1119, 1197,
1382, 1397, 1407, ΙΙΙ, 1768, 1947,

mmmmmmmm
m

 

