1896, 1920, 1921, 1924, 1986,
1997, 2001, 2029, 2030, 2040,
2044, 2064, 2121, 2122, 2166,
2169, 2168, 2179, 2211, 2244,
2266.

21111111, Βενφ- Ι, 606.

-, Dorf— Ι, 688.

-, 1011161-- Π, 1338, 1721.

-, 4111111111-- Ι, 280, 447, 449, 460,
487, 616, 606, 647, 670, 690,
721, 788, 791, 883, Π, 926,
968, 1002, 1008, 1038, 1084,
1187, 1242, 1261, 1338, 1360,
1373, 1426, 1474, 1602, 1603,
1604, 1062, 1676, 1697, 1717,
ΠΙ, 1736, 1837, 1862, 1924,
1968, 1964, 2001, 2029, 2066,
2066, 2078, 2134, 2201, 2211.

-ν, Krautm Π, 1122.

-, Μαν11- Ι, 690.

-, Naum&- Ι, 366, 363, 376.

- 1111011, der - Ι, 340.

2161111116άί ΙΙΙ, 2116.

116111ιῂ1111, 1334, ΙΠ, 1760.

Zehemhos Ι, 416, 604, 623, 696,
708, Π, 1330, 1688, ΙΠ, 1806,
1891.

Zehentmr Ι, 604.

21111116ῳί1111 ΠΙ, 1736.

Zehentvmoalter ΙΙΙ, 1766, 1883.

Zehentwa'n 1, 267, Π, 1639, 1688.
Zamam ΠΙ, 1747.
2111111119 ΙΙ, 1196, 1247, 1281,1286,

1111, 1111, 1111, 1111, 1111,

1684, 1723, ΙΠ, 1781, 1988,
2007, 2161, 2196.

11191111, 844.

wilm 1, 211.

11111111 ΙΙ, 1048.

217111 ΙΠ, 2244.

11τί11111 Ι, 691.

11113, 11111- Π, 1621, ΠΙ, 1922, 1941.

2111911111 ΙΙ, 1101.

1111161111, 744, 898.

Ziegel ΠΙ, 2161, 2166, 2266.

1116111611 Md) ΠΙ, 1887, 1907.

Zimmer 11, 1190, 130416901634,
ΙΠ, 2161, 2277.

ffi

Zemmerholz 1, 684, 11, 1174, 1279,
mwwmmfflm
1860.

2111111νὶ110 ΙΠ, 1776, 2009, 2068,
2093.

1111111111 Ι, 899.

Zimmerplatz Ι, 333.

Ζίηπο Π, 1718.

lim Ι, 230, 276, 283, 286, 287, 293,
306, 327, 329, 342, 436, 446,
462, 488, 633, 639, 678, 697,
mmmffimm
708, 769, 771, 702, 868, 879,
899, Π, 930, 964, 972, 996,
998, 1038, 1073, 1114, 1129,
1146, 1172, 1208, 1241, 1244,
1302, 1311, 1339, 1360, 1372,
ιωωωωωω
1711, ΙΙΙ, 1740, 1747, 1748,
1764, 1789, 1790, 1796, 1801,
1838, 1939, 1973, 2030, 2064,
2102, 2110, 2134, 2144, 2163,
2211, 2216, 2264.

-, Bwyrechtm'm Ι, 236.

-, 1131111κί111 Ι, 288.

-, 61611111 Ι, 202.

-, hermionem 1, 187.

-, 0111111111 Ι, 771, Π, 1721.

-, Hosm'm Ι, 879, Π, 1713.

-, Η176111ηἰ111 ΠΙ, 2210.

-, Jahrmim (11111111 annuus) Ι, 64,
66, 234, 286, 327, 337, 391, 394,
400, 421, 436, 446, 448, 464,
462, 472, 476, 477, 487, 489,
496, 622, 627, 649, 666, 664,
677, 678, 687, 624, 629, 631,
&mmmmm
mwfflwwfflffi
743, 760, 762, 764, 766, 761,
764, 773, 778, 796, 798, 814,
837, 863, 879, 893, 11, 924, 971,
996, 1036, 1067, 1069, 1123,
1146, 1189, 1244, 1288, 1292,
1299, 1310, 1321, 1329, 1344,
1369, 1387, 1389, 1392, 1404,
1416, 1420, 1464, 1717, ΙΠ,
1736, 1748, 1764, 1790, 1791,
1804, 1837, 1892, 1923, 1936,

 

