834

2128, 2132, 2134, 2151, 2172,
2187, 2195, 2210, 2217, 2254.

ver-lobon ΙΠ,1862.

1111751111(3111) Ι, 768, Π, 1447, 1519,
ΙΠ,1854,2075.

1111111511 Ι, 239, 350, 432, 769,

, 760, 766, Π, 956, 957, 995, 1038,
1084, 1089, 1101, 1198, 1217,
1275, 1283, 1359, 1378, 1388,
1395, 1396, 1401, 1411, 1447,
1518, 1711, ΙΙΙ, 1800, 1819,
1854, 1861, 1897, 1965, 2212,
2215, 2260.

711113151πί11 Ι, 233, Π, 1032, 1104,
1242, 12831356, 1428.

1111111511 Ι, 879.

vormorgongaben Π, 1519.

vmachllieeiym Ι, 767.

1111111111 Ι, 703, Π, 1352.

1111111511111Π,1748.

111νό3111 ΠΙ, 2100.

1111111111, 1339.

7116511119 ΙΙ, 1480.

Verordnunq Ι, 581, 595.

711Ῥ11111111119 (1111111111) Ι, 155, 280,
344, 449, 552, II, 985, 994, 1051,
1234, 1280, 1281, 1286, 1338,
1340, 1365, 1426, 1500, 1502,
1504, 1555, 1661, 1721, 1728,
ΙΠ, 1735, 1767, 1837, 1853,
1920, 1927, 1959, 1963, 1964,
1971, 1978, 2201.

7111131511, (1111φῇ311511) Ι, 63, 125,
130, 228, 231, 251, 355, 356,
358, 363, 385, 416, 421, 429,
434, 476, 477, 497, 498, 538,
565, 569, 609, 612, 691, 702,
710, 715, 746, 750, 751, 767,
808, 828, 839, 841, Π, 928,
973, 977, 989, 1093,1252,1269,
1286, 1296, 1340, 1420, 1554,
1682, ΙΠ, 1800, 1849, 1905,
1976, 1989, 2001, 2044, 2047,
2061, 2110, 2151, 2168, 2256,
2261, 2262.

1111χί15111, nich — I, 230, 255, 260,
270, 278, 284, 311, 327, 344,
387, 390, 436, 539, 554, 558,

mmmmm&
mmmmmm
wwwmmmm,
stmmmmm
&mmmmm
1140, 1111, 1111, 1111, 1111,
1111, 1111, 1111 1111, 1111,
wfflmmmfflss
lffiffimffimQ
1704, 1111, 1111, 1111, 1111,
fflfflwwmffl
mwwmfflm
wmeMMQ
mmwwmm
mmwwmm
1111, 1111.

1111ίηῖ11511 ΠΙ, 1988.

1111111111 1111111111, 1365, 1469,
ΙΠ, 2007.

1111115111 Π, 1566, ΠΙ, 1806.

1111111511 ΙΠ, 1742.

1111915411 Ι, 286, 334, 367, 485, 526,
553, 565, 768, 11, 910, 1013, 1024,
1301, 1420, 1448, 1475, 1515,
ΙΠ, 2007.

1111119111 111111, ΠΙ, 1790, 1796,
2254.

1111119111 Ι, 831.

11111τί3111 Π, 1114,1180, 1540,1613,
1614, ΠΙ, 1739, 1988, 2000.

Ver-smmi„ 1, 516, 539, 548, 549,
603, 710, 785, 815, 11, 916, 044,

111, 1111, 1111, 1111, 1111,

mmmmmmm,
mm

verechaffen Ι, 514, ΙΠ, 2277.

1111111ιί311 1, 334.

111111ὴί15111 1, 338, 563, Π, 1486,
1597, ΙΠ, 2016, 2128, 2218.

1111151165111 (711117111151119) Ι, 4, 334,
mmmmmmm
835, 862, Π, 943, 945, 974,
mwwwwm
1001, 1111, 1111, 1111, 1111
1263, 1356, 1371, 1415, 1459,
mwmwmm
1705, ΠΙ, 1736, 1818, 1332,

 

