899

venditio 1, 196.

9919111911 Ι, 760.

99999199 1 1499, 149914991499, versuum 1, 999, 999, 999, 911, 994,

1497, ΙΙΙ, 9161.

9919111911 ΙΙ, 1469, 1481, 14991498,
1496, 1496, 1497, 1708, ΠΙ,
1869.

99191991799911 11, 1687, ΙΠ, 1906.

9919919911911 Ι, 689, 699, 744, Π,
1018, 1986, ΠΙ, 9069, 9079,
9990.

9919999991 Ι, 986, 499, 466, 668,
786, 776, ΙΙ, 994, 1867, 1899,
ΠΙ, 1806,1997, 1986, 9168.

7916199919119 Ι, 806, ΙΠ, 9964.

991191191911 (9111191 991991191911) Π,
11191919.

verbera Ι, 114.

9916616991, 9141 -1, 718.

791619669119911 Ι, 949.

7916199191 Ι, 191.

9916191991 Ι, 609, 666, ΙΙ, 1684.

9916179491 ΙΙΙ, 1781.

9919191911 (9911191911) Ι, 864, 466,
686, 766, ΙΙ, 979, 1068, 1981,
1380,1410‚ 1688, ΠΙ, 1967.

9919191993 Π, 1666.

991919119111 Ι, 999, 618, 899, ΙΙ,
1980.

9919191911 Ι, 788, ΠΙ, 9990.

17916πῖ691999, 696919-- (fraternitas)
Ι, 968, 960, 847, 949, 896, 689,
649, 817, 818, Π, 1168, 1177,
1179, 1180, 1196, 1970, 1989,
1906, 1968, 1864, 1460, 1476,
1607, ΙΙΙ, 1761, 1769, 1769,
1199, 1191, 1191, 1119, 1114,
1776, 1808, 1809, 1810, 1817,
1897, 1886, 1919, 1949, 1960,
1980, 9918, 9999, 9949.

9916111911 ΙΙ, 1469, 1681, 1698,
1699, 1609, 1619, 1696, 1669,
1666, 1671, 1677, 1688, 1684,
1991, 1199, 1199, 111, 1994,
1967, 9990.

9916916911 II, 1611, 1684, 1799, ΠΙ,
1914, 9161, 9977.

vmmmmmm
1991, 9199, 9919.

491, 499, 466, 488, 600, 619,
690, 697, 689, 666, 677, 689,
641, 666, 668, 696, 698, 710,
711, 744, 760, 816, 898, 881,
874, 879, 899, Π, 940, 968, 969,
974, 979, 980, 10991086, 1044,
1078, 1089, 1119, 1116, 1191,
1199, 1199, 1199, 1144, 1191,
1176, 1178, 1914, 1996, 1941,
1944, 1948, 1968, 1978, 1998,
1808, 1804, 1810, 1691, 1847,
1967, 1890, 1899, 1406, 1408,
1467, 1469, 1600, 1614, ΠΙ,
1796, 1769, 1781, 1819, 1898,
1849, 1991, 9007, 9104, 9917.

9911919911 Ι, 769.

9911116911 ΙΙ, 1490.

9911149911 Ι, 761, II, 996.

vorqehenL532311, 914.

9919941911 Ι, 699.

7919491971 Ι, 41, 60, 81, 88, 199, 161,
986, 910, 419, 741, 840, ΙΙ, 999,
990, 10961196, 1879, 1498, 1669,
ΙΠ, 1740, 1866, 9177, 9961, 9976.

9919171911 Ι, 499, 679, 868, Π, 1640.

ver-hasten 11, 1664.

99119111991, 690, 718.

9491994149, 11, 1999, 1991, 1419,
1499, 1199, 1199, 1999, 1991,
1999, 1949, 1199, 111, 1919,
9016, 9190, 9191, 9198, 9189,
9991, 9967, 9979, 9976.

9911911919111Π, 1764.

9911971911 Π, 1681, 1698.

99999· 11, 1499, 1914, 19191999,
1691, 1606, 1696, ΠΙ, 9180,
9186, 9140, 9161, 9160, 9177,
9970, 9971.

9911961911 Ι, 810, 898, 446, 696, 744,
769, Π, 1069, 1117, 1998, 1809,
1490, 1488, 1496, 1496, 1497,
1649, 1661, 1678,1619, ΙΠ, 9148,
9146, 9971, 9979.

9911111911 (9911991911) ΙΙΙ, 9148, 9161.

79119914] (venditio) 1, 64, 176, 180,
184, 186, 197, 188, 189, 907,

 

