824

6661166 1, 631.

6616111611, 663, 868, 11, 916, 970,
1131, 1132, 1469, ΠΙ, 1742, 2216.

solbgosoholn Ι, 713, 876.

66111666 Π, 1019.

semen 1, 160.

6616111661616 ΙΙ, 1196.

66161161, 6, 11, ΠΙ, 1737.

6611116161, 663, Π, 1166.

661666666116166616) Π, 661, 1161,

1133, 1260, 1676, ΠΙ, 18381976,
1986, 2029.

sententia 1, 116, 869, 860, 666, 686,
691, ΙΙ, 906, 919, 928, 960, 1039,
1037, 1197, 1206, 1216, 1366,
1382, 1406, ΙΠ, 1876, 1974,
1986, 2177, 2182, 2163, 2166,
2203, 2242, 2263, 2277.

- 6611611166 Ι, 83.

66661116 Ι, 33, 34.

666166111666116 via Ι, 6, 11, 27.

septimana Π, 1466.

sepulchrum Ι, 672.

sepultura Ι, 12, 16, 34, 36, 147, 203,
206, Π, 1102, ΠΙ, 2028.

sequestrum Ι, 140, 268, 347, 349,
396, 417.

66161666 (= 11111161611616112.

6616116 Ι, 161, 162, 168, 193, 373,
360, 602, 606, 606, 607, 639, 782,
796, 798, 822, 862, Π, 903, 941,
1161, 1161, 1441, 1616, 111,
2141.

6616111616 (6616161616) Ι, 11, 16, 84,
123, 149,162, 166, 172,184,193,
200, 201, 221, 236, 271, 274, 406,
773, 11, 970, ΠΙ, 2217.

·- 1116166161, 6.

66161166 Ι, 178, 866, 869, ΙΙ, 1206.

661666 Ι, 130, 164, 660.

sexus ΙΙ, 1379,

- uterque Ι, 2, 666.

6666 (Weinqorton) Ι, 646, 680.
61161611, 367.

6116161611 Ι, 197, 416.
8166166111, 701, 760, 11, 1133.
8166166111, 626.

&ollam 1, 161, 166, 616, ooo.

Sieclsmoister 1, 496, 866, Π, 931,
1133.

suolmam (6166111661)1, 364.

sigolgolt 11, 1247.

signare Ι, 677, 797, ΠΙ, 1932.

- sigilli impressione Ι, 6, 11, 14, 27.

signatura 111, 2206.

signum Ι, 162, 377.

-is sollempniter sonantibus Ι, 99.

siloes Ι, 133, 261, 280, 281, 297,
324, 346, 461, 624, 666, ΙΙ, 1171,
ΠΙ, 1783, 2020, 2126, 2167.

6116616666611 Π, 1171.

811361666ώί11· Π, 1388.

siligo 1, 160,160, 164.

61166 (s. 61661 Hoo) Ι, 1, 6, 11, 18,
26, 27, 32, 68, 223, 296, 860, ΙΠ,
2268.

Sos (= Bury) 11, 1318, 1426, 1640,
ΠΙ, 1897.

6166111 ΙΙ, 1116, 1297.

616611, 6861611616.

6116361611 Ι, 364.

66661, socrus Ι, 189.

666166 (o. 6666 (locello) Ι, 203, 377,
673, Π, 1074, ΙΠ, 2141, 2266.

solarium 11, 1224.
6616116111 Ι, 639.

86111 Π, 1636, 1662, 1687, 1690,
1628, 1684, ΠΙ, 1740, 1760,
1779, 1793, 1864, 1869, 1872,
1861, 1868, 1967, 1996.

86111161 Π, 1264, 1649, 1663, 1668,
1611, 1631, 1666, 1664, 1697,
1703, 1719, ΠΙ, 1901, 1970, 2244.

sollicitator ΙΠ, 2206.

661611, 30, 179, 11, 1246.

6666616661, 664, ios.

spinnig ΠΙ, 2277.

8666116611 ΠΙ, 1781.

86661161ωεί11 Π, 968.

spos 11, 1366, 1647, 1630, 1664,
1689, ΠΙ, 1986, 2062.

speon ΙΠ, 2146.

861666 ΠΙ, 1761, 2143.

661661616161 Ι, 169.

661161 (6. auco hospitale) Ι, 766, 786,
Π, 1036, 1131,1132,1436.

 

